:************************
:    TREND DATA FILE
:************************
DATE,TIME,Julabo_Ext_PV,WEITGHT(g),BALANCE POSITION,Now Pressure(kPa)
7/16/2019,11:15:00,60.11,5.633319999999999,1.0,49.4
7/16/2019,11:17:00,60.2365,14.0263,2.0,45.1745
7/16/2019,11:19:00,60.1137,14.0264,2.0,45.1745
7/16/2019,11:21:00,60.1137,14.0264,2.0,45.1745
7/16/2019,11:23:00,60.1136,14.0264,2.0,45.1745
7/16/2019,11:25:00,60.1136,14.0265,2.0,45.1745
7/16/2019,11:27:00,60.1135,14.0265,2.0,45.1745
7/16/2019,11:29:00,60.1053,14.0265,2.0,45.1745
7/16/2019,11:31:00,60.0889,14.0265,2.0,45.1745
7/16/2019,11:32:00,60.0888,14.0266,2.0,45.1745
7/16/2019,11:34:00,60.0888,14.0266,2.0,45.1745
7/16/2019,11:36:00,60.0887,14.0266,2.0,45.1745
7/16/2019,11:38:00,60.0887,14.0266,2.0,45.1745
7/16/2019,11:40:00,60.0886,14.0266,2.0,45.1745
7/16/2019,11:42:00,60.0886,14.0266,2.0,45.1745
7/16/2019,11:44:00,60.0803,14.0267,2.0,45.1745
7/16/2019,11:46:00,60.0803,14.0267,2.0,45.1745
7/16/2019,11:48:00,60.0802,14.0267,2.0,45.1745
7/16/2019,11:50:00,60.0884,14.0267,2.0,45.1745
7/16/2019,11:51:00,60.1047,14.0267,2.0,45.1745
7/16/2019,11:53:00,60.1128,14.0267,2.0,45.1745
7/16/2019,11:55:00,60.1046,14.0267,2.0,45.1745
7/16/2019,11:57:00,60.0882,14.0267,2.0,45.1745
7/16/2019,11:59:00,60.0881,14.0267,2.0,45.1745
7/16/2019,12:01:00,60.0881,14.0268,2.0,45.1745
7/16/2019,12:03:00,60.1126,14.0268,2.0,45.1745
7/16/2019,12:05:00,60.1207,14.0268,2.0,45.1745
7/16/2019,12:07:00,60.1206,14.0268,2.0,45.1745
7/16/2019,12:09:00,60.1288,14.0268,2.0,45.1745
7/16/2019,12:10:00,60.1287,14.0268,2.0,45.1745
7/16/2019,12:12:00,60.1205,14.0268,2.0,45.1745
7/16/2019,12:14:00,60.1204,14.0268,2.0,45.1745
7/16/2019,12:16:00,60.1286,14.0268,2.0,45.1745
7/16/2019,12:18:00,60.1367,14.0268,2.0,45.1745
7/16/2019,12:20:00,60.1285,14.0268,2.0,45.1745
7/16/2019,12:22:00,60.112,14.0268,2.0,45.1745
7/16/2019,12:24:00,60.112,14.0268,2.0,45.1745
7/16/2019,12:26:00,60.1118,14.0268,2.0,45.1745
7/16/2019,12:28:00,60.1037,14.0268,2.0,45.1745
7/16/2019,12:29:00,60.1118,14.0268,2.0,45.1745
7/16/2019,12:31:00,60.1036,14.0268,2.0,45.1745
7/16/2019,12:33:00,60.079,14.0269,2.0,45.1745
7/16/2019,12:35:00,60.079,14.0269,2.0,45.1745
7/16/2019,12:37:00,60.0626,14.0269,2.0,45.1745
7/16/2019,12:39:00,60.038,14.0269,2.0,45.1745
7/16/2019,12:41:00,60.0379,14.0269,2.0,45.1745
7/16/2019,12:43:00,60.0379,14.0269,2.0,45.1745
7/16/2019,12:45:00,60.0378,14.0269,2.0,45.1745
7/16/2019,12:47:00,60.0296,14.0269,2.0,45.1745
7/16/2019,12:48:00,60.0213,14.0269,2.0,45.1745
7/16/2019,12:50:00,60.0049,14.0269,2.0,45.1745
7/16/2019,12:52:00,60.0049,14.0269,2.0,45.1745
7/16/2019,12:54:00,60.013,14.0269,2.0,45.1745
7/16/2019,12:56:00,60.0211,14.0269,2.0,45.1745
7/16/2019,12:58:00,60.0211,14.0269,2.0,45.1745
7/16/2019,13:00:00,60.0129,14.0269,2.0,45.1745
7/16/2019,13:02:00,60.0046,14.0269,2.0,45.1745
7/16/2019,13:04:00,59.9964,14.027,2.0,45.1745
7/16/2019,13:06:00,59.9963,14.027,2.0,45.1745
7/16/2019,13:07:00,60.0045,14.027,2.0,45.1745
7/16/2019,13:09:00,60.0044,14.027,2.0,45.1745
7/16/2019,13:11:00,59.988,14.027,2.0,45.1745
7/16/2019,13:13:00,59.988,14.027,2.0,45.1745
7/16/2019,13:15:00,59.9879,14.027,2.0,45.1745
7/16/2019,13:17:00,59.9797,14.027,2.0,45.1745
7/16/2019,13:19:00,59.9796,14.027,2.0,45.1745
7/16/2019,13:21:00,60.0041,14.027,2.0,45.1745
7/16/2019,13:23:00,60.0041,14.027,2.0,45.1745
7/16/2019,13:25:00,60.004,14.027,2.0,45.1745
7/16/2019,13:26:00,59.9958,14.027,2.0,45.1745
7/16/2019,13:28:00,59.9876,14.027,2.0,45.1745
7/16/2019,13:30:00,59.9875,14.027,2.0,45.1745
7/16/2019,13:32:00,59.9874,14.027,2.0,45.1745
7/16/2019,13:34:00,59.9874,14.027,2.0,45.1745
7/16/2019,13:36:00,59.9955,14.027,2.0,45.1745
7/16/2019,13:38:00,59.979,14.027,2.0,45.1745
7/16/2019,13:40:00,59.9708,14.027,2.0,45.1745
7/16/2019,13:42:00,59.9627,14.027,2.0,45.1745
7/16/2019,13:44:00,59.9626,14.027,2.0,45.1745
7/16/2019,13:45:00,59.9707,14.027,2.0,45.1745
7/16/2019,13:47:00,59.987,14.027,2.0,45.1745
7/16/2019,13:49:00,59.987,14.027,2.0,45.1745
7/16/2019,13:51:00,59.9788,14.027,2.0,45.1745
7/16/2019,13:53:00,59.9705,14.027,2.0,45.1745
7/16/2019,13:55:00,59.9787,14.027,2.0,45.1745
7/16/2019,13:57:00,59.9786,14.027,2.0,45.1745
7/16/2019,13:59:00,59.9867,14.027,2.0,45.1745
7/16/2019,14:01:00,59.9949,14.027,2.0,45.1745
7/16/2019,14:03:00,59.9948,14.027,2.0,45.1745
7/16/2019,14:04:00,59.9866,14.027,2.0,45.1745
7/16/2019,14:06:00,59.9865,14.027,2.0,45.1745
7/16/2019,14:08:00,59.9865,14.027,2.0,45.1745
7/16/2019,14:10:00,59.9864,14.027,2.0,45.1745
7/16/2019,14:12:00,60.0027,14.027,2.0,45.1745
7/16/2019,14:14:00,60.0027,14.0271,2.0,45.1745
7/16/2019,14:16:00,60.0026,14.0271,2.0,45.1745
7/16/2019,14:18:00,60.0026,14.027,2.0,45.1745
7/16/2019,14:20:00,59.9862,14.027,2.0,45.1745
7/16/2019,14:22:00,59.9861,14.027,2.0,45.1745
7/16/2019,14:23:00,59.9942,14.027,2.0,45.1745
7/16/2019,14:25:00,60.0024,14.027,2.0,45.1745
7/16/2019,14:27:00,60.0023,14.027,2.0,45.1745
7/16/2019,14:29:00,60.0023,14.027,2.0,45.1745
7/16/2019,14:31:00,60.0022,14.027,2.0,45.1745
7/16/2019,14:33:00,60.0022,14.027,2.0,45.1745
7/16/2019,14:35:00,60.0021,14.027,2.0,45.1745
7/16/2019,18:18:00,60.0,13.9352,2.0,1333.3333
7/16/2019,18:20:00,60.0,13.937114895470383,2.0,1333.3333
7/16/2019,18:22:00,60.0,13.937815924433798,2.0,1333.3333
7/16/2019,18:24:00,60.0,13.938448802264809,2.0,1333.3333
7/16/2019,18:26:00,60.0,13.938898943815332,2.0,1333.3333
7/16/2019,18:28:00,60.0,13.93954156141115,2.0,1333.3333
7/16/2019,18:30:00,60.0,13.939950242282354,2.0,1333.3333
7/16/2019,18:33:00,60.0,13.94061723199216,2.0,1333.3333
7/16/2019,18:35:00,60.0,13.941034600098002,2.0,1333.3333
7/16/2019,18:37:00,60.0,13.941651761311048,2.0,1333.3333
7/16/2019,18:39:00,60.0,13.94206912941689,2.0,1333.3333
7/16/2019,18:41:00,60.0,13.942393243684668,2.0,1333.3333
7/16/2019,18:43:00,60.0,13.943101720476943,2.0,1333.3333
7/16/2019,18:45:00,60.0,13.943510403963415,2.0,1333.3333
7/16/2019,18:48:00,60.0,13.943738373169271,2.0,1333.3333
7/16/2019,18:50:00,60.0,13.944155741275113,2.0,1333.3333
7/16/2019,18:52:00,60.0,13.9445,2.0,1333.3333
7/16/2019,18:54:00,60.0,13.944790679442509,2.0,1333.3333
7/16/2019,18:56:00,60.0,13.94525402079817,2.0,1333.3333
7/16/2019,18:58:00,60.0,13.945525609756098,2.0,1333.3333
7/16/2019,19:00:00,60.0,13.94577159579681,2.0,1333.3333
7/16/2019,19:03:00,60.0,13.94618027984973,2.0,1333.3333
7/16/2019,19:05:00,60.0,13.946478115302957,2.0,1333.3333
7/16/2019,19:07:00,60.0,13.9466,2.0,1333.3333
7/16/2019,19:09:00,60.0,13.947106527656794,2.0,1333.3333
7/16/2019,19:11:00,60.0,13.947415310066967,2.0,1333.3333
7/16/2019,19:13:00,60.0,13.94764819250871,2.0,1333.3333
7/16/2019,19:15:00,60.0,13.947932883275262,2.0,1333.3333
7/16/2019,19:17:00,60.0,13.948041770566778,2.0,1333.3333
7/16/2019,19:20:00,60.0,13.948350555313588,2.0,1333.3333
7/16/2019,19:22:00,60.0,13.948618680241738,2.0,1333.3333
7/16/2019,19:24:00,60.0,13.9488362478223,2.0,1333.3333
7/16/2019,19:26:00,60.0,13.949176910932055,2.0,1333.3333
7/16/2019,19:28:00,60.0,13.94938569717428,2.0,1333.3333
7/16/2019,19:30:00,60.0,13.949589165940766,2.0,1333.3333
7/16/2019,19:32:00,60.0,13.949806739982579,2.0,1333.3333
7/16/2019,19:35:00,60.0,13.950112152229543,2.0,1333.3333
7/16/2019,19:37:00,60.0,13.950242084059234,2.0,1333.3333
7/16/2019,19:39:00,60.0,13.950529829050522,2.0,1333.3333
7/16/2019,19:41:00,60.0,13.9506,2.0,1333.3333
7/16/2019,19:43:00,60.0,13.9508950021777,2.0,1333.3333
7/16/2019,19:45:00,60.0,13.951,2.0,1333.3333
7/16/2019,19:47:00,60.0,13.951365173127177,2.0,1333.3333
7/16/2019,19:50:00,60.0,13.951474062176729,2.0,1333.3333
7/16/2019,19:52:00,60.0,13.951582948606271,2.0,1333.3333
7/16/2019,19:54:00,60.0,13.95189173517722,2.0,1333.3333
7/16/2019,19:56:00,60.0,13.952200522648083,2.0,1333.3333
7/16/2019,19:58:00,60.0,13.95230940817771,2.0,1333.3333
7/16/2019,20:00:00,60.0,13.952436596254357,2.0,1333.3333
7/16/2019,20:02:00,60.0,13.952627184624598,2.0,1333.3333
7/16/2019,20:05:00,60.0,13.9527,2.0,1333.3333
7/16/2019,20:07:00,60.0,13.952789922142975,2.0,1333.3333
7/16/2019,20:09:00,60.0,13.953153745644599,2.0,1333.3333
7/16/2019,20:11:00,60.0,13.953262634071978,2.0,1333.3333
7/16/2019,20:13:00,60.0,13.953443042247386,2.0,1333.3333
7/16/2019,20:15:00,60.0,13.953580410518866,2.0,1333.3333
7/16/2019,20:17:00,60.0,13.953689296602787,2.0,1333.3333
7/16/2019,20:19:00,60.0,13.953896373931508,2.0,1333.3333
7/16/2019,20:22:00,60.0,13.954007072466926,2.0,1333.3333
7/16/2019,20:24:00,60.0,13.9541,2.0,1333.3333
7/16/2019,20:26:00,60.0,13.9542,2.0,1333.3333
7/16/2019,20:28:00,60.0,13.95443373985953,2.0,1333.3333
7/16/2019,20:30:00,60.0,13.95454262848432,2.0,1333.3333
7/16/2019,20:32:00,60.0,13.954703027003484,2.0,1333.3333
7/16/2019,20:34:00,60.0,13.9548,2.0,1333.3333
7/16/2019,20:37:00,60.0,13.9548,2.0,1333.3333
7/16/2019,20:39:00,60.0,13.954956565766551,2.0,1333.3333
7/16/2019,20:41:00,60.0,13.955,2.0,1333.3333
7/16/2019,20:43:00,60.0,13.955,2.0,1333.3333
7/16/2019,20:45:00,60.0,13.955305046820557,2.0,1333.3333
7/16/2019,20:47:00,60.0,13.955413932596503,2.0,1333.3333
7/16/2019,20:49:00,60.0,13.955545644599304,2.0,1333.3333
7/16/2019,20:52:00,60.0,13.9557,2.0,1333.3333
7/16/2019,20:54:00,60.0,13.955740701219513,2.0,1333.3333
7/16/2019,20:56:00,60.0,13.95584958893668,2.0,1333.3333
7/16/2019,20:58:00,60.0,13.9559,2.0,1333.3333
7/16/2019,21:00:00,60.0,13.956034937659933,2.0,1333.3333
7/16/2019,21:02:00,60.0,13.956176355618467,2.0,1333.3333
7/16/2019,21:04:00,60.0,13.956285245276856,2.0,1333.3333
7/16/2019,21:07:00,60.0,13.9563,2.0,1333.3333
7/16/2019,21:09:00,60.0,13.95640625,2.0,1333.3333
7/16/2019,21:11:00,60.0,13.9566,2.0,1333.3333
7/16/2019,21:13:00,60.0,13.956620999618881,2.0,1333.3333
7/16/2019,21:15:00,60.0,13.9567,2.0,1333.3333
7/16/2019,21:17:00,60.0,13.9567,2.0,1333.3333
7/16/2019,21:19:00,60.0,13.956795535714285,2.0,1333.3333
7/16/2019,21:21:00,60.0,13.957013311918114,2.0,1333.3333
7/16/2019,21:24:00,60.0,13.9571,2.0,1333.3333
7/16/2019,21:26:00,60.0,13.957174535852344,2.0,1333.3333
7/16/2019,21:28:00,60.0,13.9572,2.0,1333.3333
7/16/2019,21:30:00,60.0,13.957384831491261,2.0,1333.3333
7/16/2019,21:32:00,60.0,13.957401404616725,2.0,1333.3333
7/16/2019,21:34:00,60.0,13.957510290194369,2.0,1333.3333
7/16/2019,21:36:00,60.0,13.9576,2.0,1333.3333
7/16/2019,21:39:00,60.0,13.9576,2.0,1333.3333
7/16/2019,21:41:00,60.0,13.957637162456447,2.0,1333.3333
7/16/2019,21:43:00,60.0,13.957792099961889,2.0,1333.3333
7/16/2019,21:45:00,60.0,13.9579,2.0,1333.3333
7/16/2019,21:47:00,60.0,13.9579,2.0,1333.3333
7/16/2019,21:49:00,60.0,13.957972924266347,2.0,1333.3333
7/16/2019,21:51:00,60.0,13.958,2.0,1333.3333
7/16/2019,21:54:00,60.0,13.958090798715087,2.0,1333.3333
7/16/2019,21:56:00,60.0,13.9581,2.0,1333.3333
7/16/2019,21:58:00,60.0,13.9583,2.0,1333.3333
7/16/2019,22:00:00,60.0,13.9583,2.0,1333.3333
7/16/2019,22:02:00,60.0,13.95832665650351,2.0,1333.3333
7/16/2019,22:04:00,60.0,13.9584,2.0,1333.3333
7/16/2019,22:06:00,60.0,13.958444536396799,2.0,1333.3333
7/16/2019,22:09:00,60.0,13.9585,2.0,1333.3333
7/16/2019,22:11:00,60.0,13.9585,2.0,1333.3333
7/16/2019,22:13:00,60.0,13.958571406794425,2.0,1333.3333
7/16/2019,22:15:00,60.0,13.9586,2.0,1333.3333
7/16/2019,22:17:00,60.0,13.9586,2.0,1333.3333
7/16/2019,22:19:00,60.0,13.9586,2.0,1333.3333
7/16/2019,22:21:00,60.0,13.9588,2.0,1333.3333
7/16/2019,22:23:00,60.0,13.9588,2.0,1333.3333
7/16/2019,22:26:00,60.0,13.9588,2.0,1333.3333
7/16/2019,22:28:00,60.0,13.9588,2.0,1333.3333
7/16/2019,22:30:00,60.0,13.9588,2.0,1333.3333
7/16/2019,22:32:00,60.0,13.958904235627177,2.0,1333.3333
7/16/2019,22:34:00,60.0,13.959,2.0,1333.3333
7/16/2019,22:36:00,60.0,13.959,2.0,1333.3333
7/16/2019,22:38:00,60.0,13.959157970383275,2.0,1333.3333
7/16/2019,22:41:00,60.0,13.9592,2.0,1333.3333
7/16/2019,22:43:00,60.0,13.9592,2.0,1333.3333
7/16/2019,22:45:00,60.0,13.95920596657412,2.0,1333.3333
7/16/2019,22:47:00,60.0,13.9593,2.0,1333.3333
7/16/2019,22:49:00,60.0,13.9593,2.0,1333.3333
7/16/2019,22:51:00,60.0,13.9593,2.0,1333.3333
7/16/2019,22:53:00,60.0,13.959341819567703,2.0,1333.3333
7/16/2019,22:56:00,60.0,13.9594,2.0,1333.3333
7/16/2019,22:58:00,60.0,13.9594,2.0,1333.3333
7/16/2019,23:00:00,60.0,13.9594,2.0,1333.3333
7/16/2019,23:02:00,60.0,13.959555357142857,2.0,1333.3333
7/16/2019,23:04:00,60.0,13.9596,2.0,1333.3333
7/16/2019,23:06:00,60.0,13.9596,2.0,1333.3333
7/16/2019,23:08:00,60.0,13.9596,2.0,1333.3333
7/16/2019,23:11:00,60.0,13.959613644035498,2.0,1333.3333
7/16/2019,23:13:00,60.0,13.9597,2.0,1333.3333
7/16/2019,23:15:00,60.0,13.9597,2.0,1333.3333
7/16/2019,23:17:00,60.0,13.9597,2.0,1333.3333
7/16/2019,23:19:00,60.0,13.959749501823923,2.0,1333.3333
7/16/2019,23:21:00,60.0,13.9598,2.0,1333.3333
7/16/2019,23:23:00,60.0,13.9598,2.0,1333.3333
7/16/2019,23:25:00,60.0,13.9598,2.0,1333.3333
7/16/2019,23:28:00,60.0,13.9598,2.0,1333.3333
7/16/2019,23:30:00,60.0,13.9598,2.0,1333.3333
7/16/2019,23:32:00,60.0,13.959803446398432,2.0,1333.3333
7/16/2019,23:34:00,60.0,13.9599,2.0,1333.3333
7/16/2019,23:36:00,60.0,13.9599,2.0,1333.3333
7/16/2019,23:38:00,60.0,13.9599,2.0,1333.3333
7/16/2019,23:40:00,60.0,13.9599,2.0,1333.3333
7/16/2019,23:43:00,60.0,13.9599,2.0,1333.3333
7/16/2019,23:45:00,60.0,13.960014579703833,2.0,1333.3333
7/16/2019,23:47:00,60.0,13.9601,2.0,1333.3333
7/16/2019,23:49:00,60.0,13.9601,2.0,1333.3333
7/16/2019,23:51:00,60.0,13.9601,2.0,1333.3333
7/16/2019,23:53:00,60.0,13.9601,2.0,1333.3333
7/16/2019,23:55:00,60.0,13.9601,2.0,1333.3333
7/16/2019,23:58:00,60.0,13.960111237545599,2.0,1333.3333
7/17/2019,0:00:00,60.0,13.9602,2.0,1333.3333
7/17/2019,0:02:00,60.0,13.9602,2.0,1333.3333
7/17/2019,0:04:00,60.0,13.9602,2.0,1333.3333
7/17/2019,0:06:00,60.0,13.9602,2.0,1333.3333
7/17/2019,0:08:00,60.0,13.9602,2.0,1333.3333
7/17/2019,0:10:00,60.0,13.9602,2.0,1333.3333
7/17/2019,0:13:00,60.0,13.9602,2.0,1333.3333
7/17/2019,0:15:00,60.0,13.960283056568846,2.0,1333.3333
7/17/2019,0:17:00,60.0,13.9603,2.0,1333.3333
7/17/2019,0:19:00,60.0,13.9603,2.0,1333.3333
7/17/2019,0:21:00,60.0,13.9603,2.0,1333.3333
7/17/2019,0:23:00,60.0,13.9603,2.0,1333.3333
7/17/2019,0:25:00,60.0,13.9603,2.0,1333.3333
7/17/2019,0:27:00,60.0,13.9603,2.0,1333.3333
7/17/2019,0:30:00,60.0,13.9603,2.0,1333.3333
7/17/2019,0:32:00,60.0,13.9603,2.0,1333.3333
7/17/2019,0:34:00,60.0,13.9603,2.0,1333.3333
7/17/2019,0:36:00,60.0,13.9603,2.0,1333.3333
7/17/2019,0:38:00,60.0,13.96046391354059,2.0,1333.3333
7/17/2019,0:40:00,60.0,13.9605,2.0,1333.3333
7/17/2019,0:42:00,60.0,13.9605,2.0,1333.3333
7/17/2019,0:45:00,60.0,13.9605,2.0,1333.3333
7/17/2019,0:47:00,60.0,13.9605,2.0,1333.3333
7/17/2019,0:49:00,60.0,13.9605,2.0,1333.3333
7/17/2019,0:51:00,60.0,13.9605,2.0,1333.3333
7/17/2019,0:53:00,60.0,13.9605,2.0,1333.3333
7/17/2019,0:55:00,60.0,13.9605,2.0,1333.3333
7/17/2019,0:57:00,60.0,13.9605,2.0,1333.3333
7/17/2019,1:00:00,60.0,13.9605,2.0,1333.3333
7/17/2019,1:02:00,60.0,13.9605,2.0,1333.3333
7/17/2019,1:04:00,60.0,13.9605,2.0,1333.3333
7/17/2019,1:06:00,60.0,13.96059883486688,2.0,1333.3333
7/17/2019,1:08:00,60.0,13.9606,2.0,1333.3333
7/17/2019,1:10:00,60.0,13.9606,2.0,1333.3333
7/17/2019,1:12:00,60.0,13.9606,2.0,1333.3333
7/17/2019,1:15:00,60.0,13.9606,2.0,1333.3333
7/17/2019,1:17:00,60.0,13.9606,2.0,1333.3333
7/17/2019,1:19:00,60.0,13.9606,2.0,1333.3333
7/17/2019,1:21:00,60.0,13.9606,2.0,1333.3333
7/17/2019,1:23:00,60.0,13.9606,2.0,1333.3333
7/17/2019,1:25:00,60.0,13.9606,2.0,1333.3333
7/17/2019,1:27:00,60.0,13.9606,2.0,1333.3333
7/17/2019,1:29:00,60.0,13.9606,2.0,1333.3333
7/17/2019,1:32:00,60.0,13.9606,2.0,1333.3333
7/17/2019,1:34:00,60.0,13.9606,2.0,1333.3333
7/17/2019,1:36:00,60.0,13.9606,2.0,1333.3333
7/17/2019,1:38:00,60.0,13.9606,2.0,1333.3333
7/17/2019,1:40:00,60.0,13.9606,2.0,1333.3333
7/17/2019,1:42:00,60.0,13.9606,2.0,1333.3333
7/17/2019,1:44:00,60.0,13.9606,2.0,1333.3333
7/17/2019,1:47:00,60.0,13.960669760984374,2.0,1333.3333
7/17/2019,1:49:00,60.0,13.9607,2.0,1333.3333
7/17/2019,1:51:00,60.0,13.9607,2.0,1333.3333
7/17/2019,1:53:00,60.0,13.9607,2.0,1333.3333
7/17/2019,1:55:00,60.0,13.9607,2.0,1333.3333
7/17/2019,1:57:00,60.0,13.9607,2.0,1333.3333
7/17/2019,1:59:00,60.0,13.9607,2.0,1333.3333
7/17/2019,2:02:00,60.0,13.9607,2.0,1333.3333
7/17/2019,2:04:00,60.0,13.9607,2.0,1333.3333
7/17/2019,2:06:00,60.0,13.9607,2.0,1333.3333
7/17/2019,2:08:00,60.0,13.9607,2.0,1333.3333
7/17/2019,2:10:00,60.0,13.9607,2.0,1333.3333
7/17/2019,2:12:00,60.0,13.9607,2.0,1333.3333
7/17/2019,2:14:00,60.0,13.9607,2.0,1333.3333
7/17/2019,2:17:00,60.0,13.9607,2.0,1333.3333
7/17/2019,2:19:00,60.0,13.9607,2.0,1333.3333
7/17/2019,2:21:00,60.0,13.9607,2.0,1333.3333
7/17/2019,2:23:00,60.0,13.9607,2.0,1333.3333
7/17/2019,2:25:00,60.0,13.9607,2.0,1333.3333
7/17/2019,2:27:00,60.0,13.9607,2.0,1333.3333
7/17/2019,2:29:00,60.0,13.9607,2.0,1333.3333
7/17/2019,2:32:00,60.0,13.9607,2.0,1333.3333
7/17/2019,2:34:00,60.0,13.9607,2.0,1333.3333
7/17/2019,2:36:00,60.0,13.9607,2.0,1333.3333
7/17/2019,2:38:00,60.0,13.9607,2.0,1333.3333
7/17/2019,2:40:00,60.0,13.9607,2.0,1333.3333
7/17/2019,2:42:00,60.0,13.9607,2.0,1333.3333
7/17/2019,2:44:00,60.0,13.9607,2.0,1333.3333
7/17/2019,2:46:00,60.0,13.9607,2.0,1333.3333
7/17/2019,2:49:00,60.0,13.9607,2.0,1333.3333
7/17/2019,2:51:00,60.0,13.9607,2.0,1333.3333
7/17/2019,2:53:00,60.0,13.9607,2.0,1333.3333
7/17/2019,2:55:00,60.0,13.9608153481788,2.0,1333.3333
7/17/2019,2:57:00,60.0,13.9609,2.0,1333.3333
7/17/2019,2:59:00,60.0,13.9609,2.0,1333.3333
7/17/2019,3:01:00,60.0,13.9609,2.0,1333.3333
7/17/2019,3:04:00,60.0,13.9609,2.0,1333.3333
7/17/2019,3:06:00,60.0,13.9609,2.0,1333.3333
7/17/2019,3:08:00,60.0,13.9609,2.0,1333.3333
7/17/2019,3:10:00,60.0,13.9609,2.0,1333.3333
7/17/2019,3:12:00,60.0,13.9609,2.0,1333.3333
7/17/2019,3:14:00,60.0,13.9609,2.0,1333.3333
7/17/2019,3:16:00,60.0,13.9609,2.0,1333.3333
7/17/2019,3:19:00,60.0,13.9609,2.0,1333.3333
7/17/2019,3:21:00,60.0,13.9609,2.0,1333.3333
7/17/2019,3:23:00,60.0,13.9609,2.0,1333.3333
7/17/2019,3:25:00,60.0,13.9609,2.0,1333.3333
7/17/2019,3:27:00,60.0,13.9609,2.0,1333.3333
7/17/2019,3:29:00,60.0,13.9609,2.0,1333.3333
7/17/2019,3:31:00,60.0,13.9609,2.0,1333.3333
7/17/2019,3:34:00,60.0,13.9609,2.0,1333.3333
7/17/2019,3:36:00,60.0,13.9609,2.0,1333.3333
7/17/2019,3:38:00,60.0,13.9609,2.0,1333.3333
7/17/2019,3:40:00,60.0,13.9609,2.0,1333.3333
7/17/2019,3:42:00,60.0,13.9609,2.0,1333.3333
7/17/2019,3:44:00,60.0,13.9609,2.0,1333.3333
7/17/2019,3:46:00,60.0,13.9609,2.0,1333.3333
7/17/2019,3:48:00,60.0,13.9609,2.0,1333.3333
7/17/2019,3:51:00,60.0,13.9609,2.0,1333.3333
7/17/2019,3:53:00,60.0,13.9609,2.0,1333.3333
7/17/2019,3:55:00,60.0,13.9609,2.0,1333.3333
7/17/2019,3:57:00,60.0,13.9609,2.0,1333.3333
7/17/2019,3:59:00,60.0,13.9609,2.0,1333.3333
7/17/2019,4:01:00,60.0,13.9609,2.0,1333.3333
7/17/2019,4:03:00,60.0,13.9609,2.0,1333.3333
7/17/2019,4:06:00,60.0,13.9609,2.0,1333.3333
7/17/2019,4:08:00,60.0,13.9609,2.0,1333.3333
7/17/2019,4:10:00,60.0,13.9609,2.0,1333.3333
7/17/2019,4:12:00,60.0,13.9609,2.0,1333.3333
7/17/2019,4:14:00,60.0,13.9609,2.0,1333.3333
7/17/2019,4:16:00,60.0,13.9609,2.0,1333.3333
7/17/2019,4:18:00,60.0,13.9609,2.0,1333.3333
7/17/2019,4:21:00,60.0,13.9609,2.0,1333.3333
7/17/2019,4:23:00,60.0,13.9609,2.0,1333.3333
7/17/2019,4:25:00,60.0,13.9609,2.0,1333.3333
7/17/2019,4:27:00,60.0,13.9609,2.0,1333.3333
7/17/2019,4:29:00,60.0,13.9609,2.0,1333.3333
7/17/2019,4:31:00,60.0,13.9609,2.0,1333.3333
7/17/2019,4:33:00,60.0,13.9609,2.0,1333.3333
7/17/2019,4:36:00,60.0,13.9609,2.0,1333.3333
7/17/2019,4:38:00,60.0,13.9609,2.0,1333.3333
7/17/2019,4:40:00,60.0,13.9609,2.0,1333.3333
7/17/2019,4:42:00,60.0,13.9609,2.0,1333.3333
7/17/2019,4:44:00,60.0,13.9609,2.0,1333.3333
7/17/2019,4:46:00,60.0,13.9609,2.0,1333.3333
7/17/2019,4:48:00,60.0,13.9609,2.0,1333.3333
7/17/2019,4:50:00,60.0,13.9609,2.0,1333.3333
7/17/2019,4:53:00,60.0,13.9609,2.0,1333.3333
7/17/2019,4:55:00,60.0,13.9609,2.0,1333.3333
7/17/2019,4:57:00,60.0,13.9609,2.0,1333.3333
7/17/2019,4:59:00,60.0,13.9609,2.0,1333.3333
7/17/2019,5:01:00,60.0,13.9609,2.0,1333.3333
7/17/2019,5:03:00,60.0,13.9609,2.0,1333.3333
7/17/2019,5:05:00,60.0,13.9609,2.0,1333.3333
7/17/2019,5:08:00,60.0,13.9609,2.0,1333.3333
7/17/2019,5:10:00,60.0,13.9609,2.0,1333.3333
7/17/2019,5:12:00,60.0,13.9609,2.0,1333.3333
7/17/2019,5:14:00,60.0,13.9609,2.0,1333.3333
7/17/2019,5:16:00,60.0,13.9609,2.0,1333.3333
7/17/2019,5:18:00,60.0,13.9609,2.0,1333.3333
7/17/2019,5:20:00,60.0,13.9609,2.0,1333.3333
7/17/2019,5:23:00,60.0,13.9609,2.0,1333.3333
7/17/2019,5:25:00,60.0,13.9609,2.0,1333.3333
7/17/2019,5:27:00,60.0,13.9609,2.0,1333.3333
7/17/2019,5:29:00,60.0,13.9609,2.0,1333.3333
7/17/2019,5:31:00,60.0,13.9609,2.0,1333.3333
7/17/2019,5:33:00,60.0,13.9609,2.0,1333.3333
7/17/2019,5:35:00,60.0,13.9609,2.0,1333.3333
7/17/2019,5:38:00,60.0,13.9609,2.0,1333.3333
7/17/2019,5:40:00,60.0,13.9609,2.0,1333.3333
7/17/2019,5:42:00,60.0,13.9609,2.0,1333.3333
7/17/2019,5:44:00,60.0,13.9609,2.0,1333.3333
7/17/2019,5:46:00,60.0,13.9609,2.0,1333.3333
7/17/2019,5:48:00,60.0,13.9609,2.0,1333.3333
7/17/2019,5:50:00,60.0,13.9609,2.0,1333.3333
7/17/2019,5:52:00,60.0,13.9609,2.0,1333.3333
7/17/2019,5:55:00,60.0,13.9609,2.0,1333.3333
7/17/2019,5:57:00,60.0,13.9609,2.0,1333.3333
7/17/2019,5:59:00,60.0,13.9609,2.0,1333.3333
7/17/2019,6:01:00,60.0,13.9609,2.0,1333.3333
7/17/2019,6:03:00,60.0,13.9609,2.0,1333.3333
7/17/2019,6:05:00,60.0,13.9609,2.0,1333.3333
7/17/2019,6:07:00,60.0,13.9609,2.0,1333.3333
7/17/2019,6:10:00,60.0,13.9609,2.0,1333.3333
7/17/2019,6:12:00,60.0,13.9609,2.0,1333.3333
7/17/2019,6:14:00,60.0,13.9609,2.0,1333.3333
7/17/2019,6:16:00,60.0,13.9609,2.0,1333.3333
7/17/2019,6:18:00,60.0,13.9609,2.0,1333.3333
7/17/2019,6:20:00,60.0,13.9609,2.0,1333.3333
7/17/2019,6:22:00,60.0,13.9609,2.0,1333.3333
7/17/2019,6:25:00,60.0,13.9609,2.0,1333.3333
7/17/2019,6:27:00,60.0,13.9609,2.0,1333.3333
7/17/2019,6:29:00,60.0,13.9609,2.0,1333.3333
7/17/2019,6:31:00,60.0,13.9609,2.0,1333.3333
7/17/2019,6:33:00,60.0,13.9609,2.0,1333.3333
7/17/2019,6:35:00,60.0,13.9609,2.0,1333.3333
7/17/2019,6:37:00,60.0,13.9609,2.0,1333.3333
7/17/2019,6:40:00,60.0,13.9609,2.0,1333.3333
7/17/2019,6:42:00,60.0,13.9609,2.0,1333.3333
7/17/2019,6:44:00,60.0,13.9609,2.0,1333.3333
7/17/2019,6:46:00,60.0,13.9609,2.0,1333.3333
7/17/2019,6:48:00,60.0,13.9609,2.0,1333.3333
7/17/2019,6:50:00,60.0,13.9609,2.0,1333.3333
7/17/2019,6:52:00,60.0,13.9609,2.0,1333.3333
7/17/2019,6:54:00,60.0,13.9609,2.0,1333.3333
7/17/2019,6:57:00,60.0,13.9609,2.0,1333.3333
7/17/2019,6:59:00,60.0,13.9609,2.0,1333.3333
7/17/2019,7:01:00,60.0,13.9609,2.0,1333.3333
7/17/2019,7:03:00,60.0,13.9609,2.0,1333.3333
7/17/2019,7:05:00,60.0,13.9609,2.0,1333.3333
7/17/2019,7:07:00,60.0,13.9609,2.0,1333.3333
7/17/2019,7:09:00,60.0,13.9609,2.0,1333.3333
7/17/2019,7:12:00,60.0,13.9609,2.0,1333.3333
7/17/2019,7:14:00,60.0,13.9609,2.0,1333.3333
7/17/2019,7:16:00,60.0,13.9609,2.0,1333.3333
7/17/2019,7:18:00,60.0,13.9609,2.0,1333.3333
7/17/2019,7:20:00,60.0,13.9609,2.0,1333.3333
7/17/2019,7:22:00,60.0,13.9609,2.0,1333.3333
7/17/2019,7:24:00,60.0,13.9609,2.0,1333.3333
7/17/2019,7:27:00,60.0,13.9609,2.0,1333.3333
7/17/2019,7:29:00,60.0,13.9609,2.0,1333.3333
7/17/2019,7:31:00,60.0,13.9609,2.0,1333.3333
7/17/2019,7:33:00,60.0,13.9609,2.0,1333.3333
7/17/2019,7:35:00,60.0,13.9609,2.0,1333.3333
7/17/2019,7:37:00,60.0,13.9609,2.0,1333.3333
7/17/2019,7:39:00,60.0,13.9609,2.0,1333.3333
7/17/2019,7:42:00,60.0,13.9609,2.0,1333.3333
7/17/2019,7:44:00,60.0,13.9609,2.0,1333.3333
7/17/2019,7:46:00,60.0,13.9609,2.0,1333.3333
7/17/2019,7:48:00,60.0,13.9609,2.0,1333.3333
7/17/2019,7:50:00,60.0,13.9609,2.0,1333.3333
7/17/2019,7:52:00,60.0,13.9609,2.0,1333.3333
7/17/2019,7:54:00,60.0,13.9609,2.0,1333.3333
7/17/2019,7:56:00,60.0,13.9609,2.0,1333.3333
7/17/2019,7:59:00,60.0,13.9609,2.0,1333.3333
7/17/2019,8:01:00,60.0,13.9609,2.0,1333.3333
7/17/2019,8:03:00,60.0,13.9609,2.0,1333.3333
7/17/2019,8:05:00,60.0,13.9609,2.0,1333.3333
7/17/2019,8:07:00,60.0,13.9609,2.0,1333.3333
7/17/2019,8:09:00,60.0,13.9609,2.0,1333.3333
7/17/2019,8:11:00,60.0,13.9609,2.0,1333.3333
7/17/2019,8:14:00,60.0,13.9609,2.0,1333.3333
7/17/2019,8:16:00,60.0,13.9609,2.0,1333.3333
7/17/2019,8:18:00,60.0,13.9609,2.0,1333.3333
7/17/2019,8:20:00,60.0,13.9609,2.0,1333.3333
7/17/2019,8:22:00,60.0,13.9609,2.0,1333.3333
7/17/2019,8:24:00,60.0,13.9609,2.0,1333.3333
7/17/2019,8:26:00,60.0,13.9609,2.0,1333.3333
7/17/2019,8:29:00,60.0,13.9609,2.0,1333.3333
7/17/2019,8:31:00,60.0,13.9609,2.0,1333.3333
7/17/2019,8:33:00,60.0,13.9609,2.0,1333.3333
7/17/2019,8:35:00,60.0,13.9609,2.0,1333.3333
7/17/2019,8:37:00,60.0,13.9609,2.0,1333.3333
7/17/2019,8:39:00,60.0,13.9609,2.0,1333.3333
7/17/2019,8:41:00,60.0,13.9609,2.0,1333.3333
7/17/2019,8:44:00,60.0,13.9609,2.0,1333.3333
7/17/2019,8:46:00,60.0,13.9609,2.0,1333.3333
7/17/2019,8:48:00,60.0,13.9609,2.0,1333.3333
7/17/2019,8:50:00,60.0,13.9609,2.0,1333.3333
7/17/2019,8:52:00,60.0,13.9609,2.0,1333.3333
7/17/2019,8:54:00,60.0,13.9609,2.0,1333.3333
7/17/2019,8:56:00,60.0,13.9609,2.0,1333.3333
7/17/2019,8:58:00,60.0,13.9609,2.0,1333.3333
7/17/2019,9:01:00,60.0,13.9609,2.0,1333.3333
7/17/2019,9:03:00,60.0,13.9609,2.0,1333.3333
7/17/2019,9:05:00,60.0,13.9609,2.0,1333.3333
7/17/2019,9:07:00,60.0,13.9609,2.0,1333.3333
7/17/2019,9:09:00,60.0,13.9609,2.0,1333.3333
7/17/2019,9:11:00,60.0,13.9609,2.0,1333.3333
7/17/2019,9:13:00,60.0,13.9609,2.0,1333.3333
7/17/2019,9:16:00,60.0,13.9609,2.0,1333.3333
7/17/2019,9:18:00,60.0,13.9609,2.0,1333.3333
7/17/2019,9:20:00,60.0,13.9609,2.0,1333.3333
7/17/2019,9:22:00,60.0,13.9609,2.0,1333.3333
7/17/2019,9:24:00,60.0,13.9609,2.0,1333.3333
7/17/2019,9:26:00,60.0,13.9609,2.0,1333.3333
7/17/2019,9:28:00,60.0,13.9609,2.0,1333.3333
7/17/2019,9:31:00,60.0,13.9609,2.0,1333.3333
7/17/2019,9:33:00,60.0,13.9609,2.0,1333.3333
7/17/2019,9:35:00,60.0,13.9609,2.0,1333.3333
7/17/2019,9:37:00,60.0,13.9609,2.0,1333.3333
7/17/2019,9:39:00,60.0,13.9609,2.0,1333.3333
7/17/2019,9:41:00,60.0,13.9609,2.0,1333.3333
7/17/2019,9:43:00,60.0,13.9609,2.0,1333.3333
7/17/2019,9:46:00,60.0,13.9609,2.0,1333.3333
7/17/2019,9:48:00,60.0,13.9609,2.0,1333.3333
7/17/2019,9:50:00,60.0,13.9609,2.0,1333.3333
7/17/2019,9:52:00,60.0,13.9609,2.0,1333.3333
7/17/2019,9:54:00,60.0,13.9609,2.0,1333.3333
7/17/2019,9:56:00,60.0,13.9609,2.0,1333.3333
7/17/2019,9:58:00,60.0,13.9609,2.0,1333.3333
7/17/2019,10:00:00,60.0,13.9609,2.0,1333.3333
7/17/2019,10:03:00,60.0,13.9609,2.0,1333.3333
7/17/2019,10:05:00,60.0,13.9609,2.0,1333.3333
7/17/2019,10:07:00,60.0,13.9609,2.0,1333.3333
7/17/2019,10:09:00,60.0,13.9609,2.0,1333.3333
7/17/2019,10:11:00,60.0,13.9609,2.0,1333.3333
7/17/2019,10:13:00,60.0,13.9609,2.0,1333.3333
7/17/2019,10:15:00,60.0,13.9609,2.0,1333.3333
7/17/2019,10:18:00,60.0,13.9609,2.0,1333.3333
7/17/2019,10:20:00,60.0,13.9609,2.0,1333.3333
7/17/2019,10:22:00,60.0,13.9609,2.0,1333.3333
7/17/2019,10:24:00,60.0,13.9609,2.0,1333.3333
7/17/2019,10:26:00,60.0,13.9609,2.0,1294.6090080528086
7/17/2019,10:28:00,60.0,13.960768605095193,2.0,1283.9506
7/17/2019,10:28:52,59.98,5.612480000000001,1.0,1327.9
7/17/2019,10:40:00,60.0,13.7821,2.0,3418.8912
7/17/2019,10:42:00,60.0,13.784668060122122,2.0,3496.9199
7/17/2019,10:44:00,60.0,13.785737364960076,2.0,3496.9199
7/17/2019,10:47:00,60.0,13.788008454673555,2.0,3496.9199
7/17/2019,10:49:00,60.0,13.789112411930484,2.0,3496.9199
7/17/2019,10:51:00,60.0,13.79014424612494,2.0,3496.9199
7/17/2019,10:53:00,60.0,13.79122032644434,2.0,3496.9199
7/17/2019,10:55:00,60.0,13.792324298297123,2.0,3496.9199
7/17/2019,10:57:00,60.0,13.793152366412214,2.0,3496.9199
7/17/2019,10:59:00,60.0,13.794221653358385,2.0,3496.9199
7/17/2019,11:02:00,60.0,13.795036754344762,2.0,3496.9199
7/17/2019,11:04:00,60.0,13.7956217472992,2.0,3496.9199
7/17/2019,11:06:00,60.0,13.796445584781587,2.0,3496.9199
7/17/2019,11:08:00,60.0,13.797299906037114,2.0,3496.9199
7/17/2019,11:10:00,60.0,13.797854415218412,2.0,3496.9199
7/17/2019,11:12:00,60.0,13.798658661186142,2.0,3496.9199
7/17/2019,11:14:00,60.0,13.799208830436825,2.0,3496.9199
7/17/2019,11:17:00,60.0,13.7998570690465,2.0,3496.9199
7/17/2019,11:19:00,60.0,13.800672076092061,2.0,3496.9199
7/17/2019,11:21:00,60.0,13.8012766322217,2.0,3496.9199
7/17/2019,11:23:00,60.0,13.80178750293634,2.0,3496.9199
7/17/2019,11:25:00,60.0,13.8023,2.0,3496.9199
7/17/2019,11:27:00,60.0,13.802990358191426,2.0,3496.9199
7/17/2019,11:29:00,60.0,13.803296806012213,2.0,3496.9199
7/17/2019,11:31:00,60.0,13.80356674495068,2.0,3496.9199
7/17/2019,11:34:00,60.0,13.804236449037106,2.0,3496.9199
7/17/2019,11:36:00,60.0,13.80480923076923,2.0,3496.9199
7/17/2019,11:38:00,60.0,13.805176077510277,2.0,3496.9199
7/17/2019,11:40:00,60.0,13.805745796148425,2.0,3496.9199
7/17/2019,11:42:00,60.0,13.806315500234852,2.0,3496.9199
7/17/2019,11:44:00,60.0,13.806628123532175,2.0,3496.9199
7/17/2019,11:46:00,60.0,13.807232714889619,2.0,3496.9199
7/17/2019,11:49:00,60.0,13.80752505871301,2.0,3496.9199
7/17/2019,11:51:00,60.0,13.808,2.0,3496.9199
7/17/2019,11:53:00,60.0,13.808464678252701,2.0,3496.9199
7/17/2019,11:55:00,60.0,13.809,2.0,3496.9199
7/17/2019,11:57:00,60.0,13.809352160638797,2.0,3496.9199
7/17/2019,11:59:00,60.0,13.8098,2.0,3496.9199
7/17/2019,12:01:00,60.0,13.8102,2.0,3496.9199
7/17/2019,12:03:00,60.0,13.8105,2.0,3496.9199
7/17/2019,12:06:00,60.0,13.810975689958896,2.0,3496.9199
7/17/2019,12:08:00,60.0,13.811280565993425,2.0,3496.9199
7/17/2019,12:10:00,60.0,13.811623626115548,2.0,3496.9199
7/17/2019,12:12:00,60.0,13.812,2.0,3496.9199
7/17/2019,12:14:00,60.0,13.812295185533115,2.0,3496.9199
7/17/2019,12:16:00,60.0,13.8127,2.0,3496.9199
7/17/2019,12:18:00,60.0,13.81300328831474,2.0,3496.9199
7/17/2019,12:21:00,60.0,13.81330981796829,2.0,3496.9199
7/17/2019,12:23:00,60.0,13.8136,2.0,3496.9199
7/17/2019,12:25:00,60.0,13.814013057773602,2.0,3496.9199
7/17/2019,12:27:00,60.0,13.814282973226867,2.0,3496.9199
7/17/2019,12:29:00,60.0,13.814629359953024,2.0,3496.9199
7/17/2019,12:31:00,60.0,13.81472303628038,2.0,3496.9199
7/17/2019,12:33:00,60.0,13.8152,2.0,3496.9199
7/17/2019,12:35:00,60.0,13.8154,2.0,3496.9199
7/17/2019,12:38:00,60.0,13.815732761860028,2.0,3496.9199
7/17/2019,12:40:00,60.0,13.8159,2.0,3496.9199
7/17/2019,12:42:00,60.0,13.8162,2.0,3496.9199
7/17/2019,12:44:00,60.0,13.8164,2.0,3496.9199
7/17/2019,12:46:00,60.0,13.8167,2.0,3496.9199
7/17/2019,12:48:00,60.0,13.8169,2.0,3496.9199
7/17/2019,12:50:00,60.0,13.817252683499706,2.0,3496.9199
7/17/2019,12:53:00,60.0,13.8174,2.0,3496.9199
7/17/2019,12:55:00,60.0,13.8176,2.0,3496.9199
7/17/2019,12:57:00,60.0,13.8178,2.0,3496.9199
7/17/2019,12:59:00,60.0,13.8181,2.0,3496.9199
7/17/2019,13:01:00,60.0,13.8184,2.0,3496.9199
7/17/2019,13:03:00,60.0,13.8186,2.0,3496.9199
7/17/2019,13:05:00,60.0,13.818814114607797,2.0,3496.9199
7/17/2019,13:07:00,60.0,13.818912847915442,2.0,3496.9199
7/17/2019,13:10:00,60.0,13.8191,2.0,3496.9199
7/17/2019,13:12:00,60.0,13.8194,2.0,3496.9199
7/17/2019,13:14:00,60.0,13.8195,2.0,3496.9199
7/17/2019,13:16:00,60.0,13.819685883734586,2.0,3496.9199
7/17/2019,13:18:00,60.0,13.8199,2.0,3496.9199
7/17/2019,13:20:00,60.0,13.8201,2.0,3496.9199
7/17/2019,13:22:00,60.0,13.820254650070455,2.0,3496.9199
7/17/2019,13:25:00,60.0,13.8204,2.0,3496.9199
7/17/2019,13:27:00,60.0,13.8206,2.0,3496.9199
7/17/2019,13:29:00,60.0,13.8209,2.0,3496.9199
7/17/2019,13:31:00,60.0,13.8209,2.0,3496.9199
7/17/2019,13:33:00,60.0,13.8211,2.0,3496.9199
7/17/2019,13:35:00,60.0,13.8211,2.0,3496.9199
7/17/2019,13:37:00,60.0,13.8214,2.0,3496.9199
7/17/2019,13:39:00,60.0,13.8216,2.0,3496.9199
7/17/2019,13:42:00,60.0,13.8216,2.0,3496.9199
7/17/2019,13:44:00,60.0,13.8218,2.0,3496.9199
7/17/2019,13:46:00,60.0,13.821910804462712,2.0,3496.9199
7/17/2019,13:48:00,60.0,13.8221,2.0,3496.9199
7/17/2019,13:50:00,60.0,13.8221,2.0,3496.9199
7/17/2019,13:52:00,60.0,13.8223,2.0,3496.9199
7/17/2019,13:54:00,60.0,13.822531235321748,2.0,3496.9199
7/17/2019,13:57:00,60.0,13.8226,2.0,3496.9199
7/17/2019,13:59:00,60.0,13.822694387036167,2.0,3496.9199
7/17/2019,14:01:00,60.0,13.8228,2.0,3496.9199
7/17/2019,14:03:00,60.0,13.8228,2.0,3496.9199
7/17/2019,14:05:00,60.0,13.8231,2.0,3496.9199
7/17/2019,14:07:00,60.0,13.8231,2.0,3496.9199
7/17/2019,14:09:00,60.0,13.8233,2.0,3496.9199
7/17/2019,14:11:00,60.0,13.8233,2.0,3496.9199
7/17/2019,14:14:00,60.0,13.8233,2.0,3496.9199
7/17/2019,14:16:00,60.0,13.8235,2.0,3496.9199
7/17/2019,14:18:00,60.0,13.8235,2.0,3496.9199
7/17/2019,14:20:00,60.0,13.823695420385159,2.0,3496.9199
7/17/2019,14:22:00,60.0,13.8237,2.0,3496.9199
7/17/2019,14:24:00,60.0,13.8237,2.0,3496.9199
7/17/2019,14:26:00,60.0,13.8241,2.0,3496.9199
7/17/2019,14:29:00,60.0,13.8241,2.0,3496.9199
7/17/2019,14:31:00,60.0,13.8241,2.0,3496.9199
7/17/2019,14:33:00,60.0,13.8243,2.0,3496.9199
7/17/2019,14:35:00,60.0,13.8243,2.0,3496.9199
7/17/2019,14:37:00,60.0,13.8243,2.0,3496.9199
7/17/2019,14:39:00,60.0,13.8246,2.0,3496.9199
7/17/2019,14:41:00,60.0,13.8246,2.0,3496.9199
7/17/2019,14:43:00,60.0,13.8246,2.0,3496.9199
7/17/2019,14:46:00,60.0,13.8246,2.0,3496.9199
7/17/2019,14:48:00,60.0,13.8248,2.0,3496.9199
7/17/2019,14:50:00,60.0,13.8248,2.0,3496.9199
7/17/2019,14:52:00,60.0,13.824871230624707,2.0,3496.9199
7/17/2019,14:54:00,60.0,13.8251,2.0,3496.9199
7/17/2019,14:56:00,60.0,13.8251,2.0,3496.9199
7/17/2019,14:58:00,60.0,13.8251,2.0,3496.9199
7/17/2019,15:01:00,60.0,13.8251,2.0,3496.9199
7/17/2019,15:03:00,60.0,13.825298120963007,2.0,3496.9199
7/17/2019,15:05:00,60.0,13.8253,2.0,3496.9199
7/17/2019,15:07:00,60.0,13.8253,2.0,3496.9199
7/17/2019,15:09:00,60.0,13.8253,2.0,3496.9199
7/17/2019,15:11:00,60.0,13.8253,2.0,3496.9199
7/17/2019,15:13:00,60.0,13.825523423740753,2.0,3496.9199
7/17/2019,15:15:00,60.0,13.8256,2.0,3496.9199
7/17/2019,15:18:00,60.0,13.8256,2.0,3496.9199
7/17/2019,15:20:00,60.0,13.825759300140911,2.0,3496.9199
7/17/2019,15:22:00,60.0,13.8258,2.0,3496.9199
7/17/2019,15:24:00,60.0,13.8258,2.0,3496.9199
7/17/2019,15:26:00,60.0,13.8258,2.0,3496.9199
7/17/2019,15:28:00,60.0,13.8258,2.0,3496.9199
7/17/2019,15:30:00,60.0,13.825910135055784,2.0,3496.9199
7/17/2019,15:33:00,60.0,13.826,2.0,3496.9199
7/17/2019,15:35:00,60.0,13.826,2.0,3496.9199
7/17/2019,15:37:00,60.0,13.826,2.0,3496.9199
7/17/2019,15:39:00,60.0,13.826,2.0,3496.9199
7/17/2019,15:41:00,60.0,13.826,2.0,3496.9199
7/17/2019,15:43:00,60.0,13.826,2.0,3496.9199
7/17/2019,15:45:00,60.0,13.8263,2.0,3496.9199
7/17/2019,15:48:00,60.0,13.8263,2.0,3496.9199
7/17/2019,15:50:00,60.0,13.8263,2.0,3496.9199
7/17/2019,15:52:00,60.0,13.8263,2.0,3496.9199
7/17/2019,15:54:00,60.0,13.8263,2.0,3496.9199
7/17/2019,15:56:00,60.0,13.8263,2.0,3496.9199
7/17/2019,15:58:00,60.0,13.8265,2.0,3496.9199
7/17/2019,16:00:00,60.0,13.8265,2.0,3496.9199
7/17/2019,16:02:00,60.0,13.8265,2.0,3496.9199
7/17/2019,16:05:00,60.0,13.8265,2.0,3496.9199
7/17/2019,16:07:00,60.0,13.8265,2.0,3496.9199
7/17/2019,16:09:00,60.0,13.8265,2.0,3496.9199
7/17/2019,16:11:00,60.0,13.8265,2.0,3496.9199
7/17/2019,16:13:00,60.0,13.8265,2.0,3496.9199
7/17/2019,16:15:00,60.0,13.8265,2.0,3496.9199
7/17/2019,16:17:00,60.0,13.8265,2.0,3496.9199
7/17/2019,16:20:00,60.0,13.826686002818224,2.0,3496.9199
7/17/2019,16:22:00,60.0,13.8268,2.0,3496.9199
7/17/2019,16:24:00,60.0,13.8268,2.0,3496.9199
7/17/2019,16:26:00,60.0,13.8268,2.0,3496.9199
7/17/2019,16:28:00,60.0,13.8268,2.0,3496.9199
7/17/2019,16:30:00,60.0,13.8268,2.0,3496.9199
7/17/2019,16:32:00,60.0,13.8268,2.0,3496.9199
7/17/2019,16:34:00,60.0,13.8268,2.0,3496.9199
7/17/2019,16:37:00,60.0,13.826885415688116,2.0,3496.9199
7/17/2019,16:39:00,60.0,13.827,2.0,3496.9199
7/17/2019,16:41:00,60.0,13.82697427932698,2.0,3496.9199
7/17/2019,16:43:00,60.0,13.8268,2.0,3496.9199
7/17/2019,16:45:00,60.0,13.827,2.0,3496.9199
7/17/2019,16:47:00,60.0,13.827,2.0,3496.9199
7/17/2019,16:49:00,60.0,13.827,2.0,3496.9199
7/17/2019,16:52:00,60.0,13.827,2.0,3496.9199
7/17/2019,16:54:00,60.0,13.827,2.0,3496.9199
7/17/2019,16:56:00,60.0,13.827,2.0,3496.9199
7/17/2019,16:58:00,60.0,13.827,2.0,3496.9199
7/17/2019,17:00:00,60.0,13.827,2.0,3496.9199
7/17/2019,17:02:00,60.0,13.827,2.0,3496.9199
7/17/2019,17:04:00,60.0,13.827,2.0,3496.9199
7/17/2019,17:06:00,60.0,13.827,2.0,3496.9199
7/17/2019,17:09:00,60.0,13.827,2.0,3496.9199
7/17/2019,17:11:00,60.0,13.827,2.0,3496.9199
7/17/2019,17:13:00,60.0,13.8273,2.0,3496.9199
7/17/2019,17:15:00,60.0,13.8273,2.0,3496.9199
7/17/2019,17:17:00,60.0,13.8273,2.0,3496.9199
7/17/2019,17:19:00,60.0,13.8273,2.0,3496.9199
7/17/2019,17:21:00,60.0,13.8273,2.0,3496.9199
7/17/2019,17:24:00,60.0,13.8273,2.0,3496.9199
7/17/2019,17:26:00,60.0,13.8273,2.0,3496.9199
7/17/2019,17:28:00,60.0,13.8273,2.0,3496.9199
7/17/2019,17:30:00,60.0,13.8273,2.0,3496.9199
7/17/2019,17:32:00,60.0,13.8273,2.0,3496.9199
7/17/2019,17:34:00,60.0,13.8273,2.0,3496.9199
7/17/2019,17:36:00,60.0,13.8273,2.0,3496.9199
7/17/2019,17:38:00,60.0,13.8273,2.0,3496.9199
7/17/2019,17:41:00,60.0,13.8273,2.0,3496.9199
7/17/2019,17:43:00,60.0,13.8273,2.0,3496.9199
7/17/2019,17:45:00,60.0,13.8273,2.0,3496.9199
7/17/2019,17:47:00,60.0,13.8273,2.0,3496.9199
7/17/2019,17:49:00,60.0,13.8273,2.0,3496.9199
7/17/2019,17:51:00,60.0,13.8273,2.0,3496.9199
7/17/2019,17:53:00,60.0,13.8273,2.0,3496.9199
7/17/2019,17:56:00,60.0,13.8273,2.0,3496.9199
7/17/2019,17:58:00,60.0,13.8275,2.0,3496.9199
7/17/2019,18:00:00,60.0,13.827477453518476,2.0,3496.9199
7/17/2019,18:02:00,60.0,13.8273,2.0,3496.9199
7/17/2019,18:04:00,60.0,13.8273,2.0,3496.9199
7/17/2019,18:06:00,60.0,13.8275,2.0,3496.9199
7/17/2019,18:08:00,60.0,13.8275,2.0,3496.9199
7/17/2019,18:10:00,60.0,13.8275,2.0,3496.9199
7/17/2019,18:13:00,60.0,13.8275,2.0,3496.9199
7/17/2019,18:15:00,60.0,13.8275,2.0,3496.9199
7/17/2019,18:17:00,60.0,13.8275,2.0,3496.9199
7/17/2019,18:19:00,60.0,13.8275,2.0,3496.9199
7/17/2019,18:21:00,60.0,13.8275,2.0,3496.9199
7/17/2019,18:23:00,60.0,13.8275,2.0,3496.9199
7/17/2019,18:25:00,60.0,13.8275,2.0,3496.9199
7/17/2019,18:28:00,60.0,13.8275,2.0,3496.9199
7/17/2019,18:30:00,60.0,13.8275,2.0,3496.9199
7/17/2019,18:32:00,60.0,13.8275,2.0,3496.9199
7/17/2019,18:34:00,60.0,13.8275,2.0,3496.9199
7/17/2019,18:36:00,60.0,13.8275,2.0,3496.9199
7/17/2019,18:38:00,60.0,13.8275,2.0,3496.9199
7/17/2019,18:40:00,60.0,13.8275,2.0,3496.9199
7/17/2019,18:42:00,60.0,13.8275,2.0,3496.9199
7/17/2019,18:45:00,60.0,13.8275,2.0,3496.9199
7/17/2019,18:47:00,60.0,13.8275,2.0,3496.9199
7/17/2019,18:49:00,60.0,13.8275,2.0,3496.9199
7/17/2019,18:51:00,60.0,13.8275,2.0,3496.9199
7/17/2019,18:53:00,60.0,13.8275,2.0,3496.9199
7/17/2019,18:55:00,60.0,13.8275,2.0,3496.9199
7/17/2019,18:57:00,60.0,13.8275,2.0,3496.9199
7/17/2019,19:00:00,60.0,13.8275,2.0,3496.9199
7/17/2019,19:02:00,60.0,13.8275,2.0,3496.9199
7/17/2019,19:04:00,60.0,13.8275,2.0,3496.9199
7/17/2019,19:06:00,60.0,13.8275,2.0,3496.9199
7/17/2019,19:08:00,60.0,13.8275,2.0,3496.9199
7/17/2019,19:10:00,60.0,13.8275,2.0,3496.9199
7/17/2019,19:12:00,60.0,13.8277,2.0,3496.9199
7/17/2019,19:14:00,60.0,13.8277,2.0,3496.9199
7/17/2019,19:17:00,60.0,13.8275,2.0,3496.9199
7/17/2019,19:19:00,60.0,13.827480185904225,2.0,3496.9199
7/17/2019,19:21:22,60.01,5.57332,1.0,3490.1
7/17/2019,19:47:00,60.13451854937014,13.6259,2.0,5518.5185
7/17/2019,19:49:00,60.0356745819398,13.627664532871972,2.0,5512.836695545775
7/17/2019,19:51:00,60.01332221110889,13.6281302901251,2.0,5506.1728
7/17/2019,19:53:00,60.0041,13.628694370508384,2.0,5506.1728
7/17/2019,19:55:00,60.0041,13.62986139206814,2.0,5506.1728
7/17/2019,19:57:00,60.0041,13.630663474846951,2.0,5506.1728
7/17/2019,20:00:00,60.0041,13.631292706947033,2.0,5506.1728
7/17/2019,20:02:00,60.0041,13.632258061081908,2.0,5506.1728
7/17/2019,20:04:00,59.98978106267939,13.632923822198562,2.0,5506.1728
7/17/2019,20:06:00,59.9959,13.633769688024152,2.0,5506.1728
7/17/2019,20:08:00,60.0041,13.636053074261378,2.0,5506.1728
7/17/2019,20:10:00,60.01120979504925,13.636578566675539,2.0,5506.1728
7/17/2019,20:12:00,60.0206,13.637184801703487,2.0,5506.1728
7/17/2019,20:14:00,60.0206,13.638025179664625,2.0,5506.1728
7/17/2019,20:17:00,60.02766621864395,13.638616124309577,2.0,5506.1728
7/17/2019,20:19:00,60.0288,13.639390830449827,2.0,5506.1728
7/17/2019,20:21:00,60.0288,13.640247218525419,2.0,5506.1728
7/17/2019,20:23:00,60.0288,13.640812975778546,2.0,5506.1728
7/17/2019,20:25:00,60.04684309289326,13.641278945967526,2.0,5506.1728
7/17/2019,20:27:00,60.0535,13.641922351610328,2.0,5506.1728
7/17/2019,20:29:00,60.060477748203354,13.64221067935325,2.0,5506.1728
7/17/2019,20:32:00,60.0617,13.642764945435188,2.0,5506.1728
7/17/2019,20:34:00,60.0617,13.643741988288529,2.0,5506.1728
7/17/2019,20:36:00,60.0617,13.644153972584508,2.0,5506.1728
7/17/2019,20:38:00,60.0617,13.644773702422146,2.0,5506.1728
7/17/2019,20:40:00,60.065944443705085,13.645239672611126,2.0,5506.1728
7/17/2019,20:42:00,60.07,13.645505842427468,2.0,5506.1728
7/17/2019,20:44:00,60.07,13.645871814491981,2.0,5506.1728
7/17/2019,20:47:00,60.07,13.646537569869576,2.0,5506.1728
7/17/2019,20:49:00,60.06302273121291,13.647103327122704,2.0,5506.1728
7/17/2019,20:51:00,60.0617,13.647569297311685,2.0,5506.1728
7/17/2019,20:53:00,60.0617,13.648117527282405,2.0,5506.1728
7/17/2019,20:55:00,60.06864354538195,13.648301224381155,2.0,5506.1728
7/17/2019,20:57:00,60.07,13.648867192387035,2.0,5506.1728
7/17/2019,20:59:00,60.07,13.64893356401384,2.0,5506.1728
7/17/2019,21:01:00,60.07,13.64934976710141,2.0,5506.1728
7/17/2019,21:04:00,60.0686264435258,13.649765491083311,2.0,5506.1728
7/17/2019,21:06:00,60.0617,13.650531048709075,2.0,5506.1728
7/17/2019,21:08:00,60.0617,13.650797218525419,2.0,5506.1728
7/17/2019,21:10:00,60.0617,13.6512631887144,2.0,5506.1728
7/17/2019,21:12:00,60.0617,13.6517,2.0,5506.1728
7/17/2019,21:14:00,60.068560700026616,13.651795528347085,2.0,5506.1728
7/17/2019,21:16:00,60.07,13.6519,2.0,5506.1728
7/17/2019,21:19:00,60.07,13.652227869834299,2.0,5506.1728
7/17/2019,21:21:00,60.07,13.652693831104012,2.0,5506.1728
7/17/2019,21:23:00,60.0617,13.6530798988622,2.0,5506.1728
7/17/2019,21:25:00,60.0617,13.653725552302369,2.0,5506.1728
7/17/2019,21:27:00,60.0617,13.653991728222532,2.0,5506.1728
7/17/2019,21:29:00,60.0617,13.654257894736842,2.0,5506.1728
7/17/2019,21:31:00,60.0617,13.6543,2.0,5506.1728
7/17/2019,21:34:00,60.0617,13.6543,2.0,5506.1728
7/17/2019,21:36:00,60.0617,13.654456813947299,2.0,5506.1728
7/17/2019,21:38:00,60.0617,13.655222584508918,2.0,5506.1728
7/17/2019,21:40:00,60.0617,13.655488760231583,2.0,5506.1728
7/17/2019,21:42:00,60.0535,13.65585471120575,2.0,5506.1728
7/17/2019,21:44:00,60.0535,13.6562,2.0,5506.1728
7/17/2019,21:46:00,60.0535,13.656287050838435,2.0,5506.1728
7/17/2019,21:48:00,60.0453,13.6564,2.0,5506.1728
7/17/2019,21:51:00,60.0453,13.656419803034336,2.0,5506.1728
7/17/2019,21:53:00,60.0453,13.656728967857855,2.0,5506.1728
7/17/2019,21:55:00,60.03582825898513,13.656976077987757,2.0,5506.1728
7/17/2019,21:57:00,60.03310148696406,13.657218325791854,2.0,5506.1728
7/17/2019,21:59:00,60.0288,13.657484501231117,2.0,5506.1728
7/17/2019,22:01:00,60.0206,13.657750668707166,2.0,5506.1728
7/17/2019,22:03:00,60.024480103806226,13.658008417620442,2.0,5506.1728
7/17/2019,22:06:00,60.0288,13.6581,2.0,5506.1728
7/17/2019,22:08:00,60.029922943838166,13.658249374500931,2.0,5506.1728
7/17/2019,22:10:00,60.037,13.658515545351701,2.0,5506.1728
7/17/2019,22:12:00,60.037,13.658781722004125,2.0,5506.1728
7/17/2019,22:14:00,60.0288,13.6591,2.0,5506.1728
7/17/2019,22:16:00,60.0288,13.6594,2.0,5506.1728
7/17/2019,22:18:00,60.0288,13.659480236891136,2.0,5506.1728
7/17/2019,22:20:00,60.0288,13.6596,2.0,5506.1728
7/17/2019,22:23:00,60.0288,13.6598,2.0,5506.1728
7/17/2019,22:25:00,60.0288,13.6598,2.0,5506.1728
7/17/2019,22:27:00,60.0288,13.6598,2.0,5506.1728
7/17/2019,22:29:00,60.025029432553175,13.659812110726644,2.0,5506.1728
7/17/2019,22:31:00,60.01401456958059,13.660278080915624,2.0,5506.1728
7/17/2019,22:33:00,60.0041,13.6606,2.0,5505.655827485496
7/17/2019,22:35:00,60.0041,13.6609,2.0,5493.8272
7/17/2019,22:38:00,60.0041,13.660976598576086,2.0,5493.8272
7/17/2019,22:40:00,60.0041,13.6611,2.0,5493.8272
7/17/2019,22:42:00,60.0041,13.6611,2.0,5493.8272
7/17/2019,22:44:00,60.0041,13.6611,2.0,5493.8272
7/17/2019,22:46:00,60.003113616056545,13.6611,2.0,5506.1728
7/17/2019,22:48:00,59.99666515818983,13.661308464763426,2.0,5506.1728
7/17/2019,22:50:00,59.9877,13.661574647324993,2.0,5506.1728
7/17/2019,22:53:00,59.9877,13.661840826512277,2.0,5493.8272
7/17/2019,22:55:00,59.9877,13.66200698695768,2.0,5493.8272
7/17/2019,22:57:00,59.9877,13.6622,2.0,5493.8272
7/17/2019,22:59:00,59.9877,13.6622,2.0,5493.8272
7/17/2019,23:01:00,59.9877,13.6622,2.0,5493.8272
7/17/2019,23:03:00,59.9877,13.6622,2.0,5502.3870460371345
7/17/2019,23:05:00,59.9959,13.6622,2.0,5506.1728
7/17/2019,23:07:00,59.9959,13.662305243545383,2.0,5506.1728
7/17/2019,23:10:00,59.9959,13.662571413361725,2.0,5497.650162352469
7/17/2019,23:12:00,59.996784436755604,13.6629063747671,2.0,5493.8272
7/17/2019,23:14:00,60.0041,13.6631,2.0,5493.8272
7/17/2019,23:16:00,60.01041805962204,13.6631,2.0,5493.8272
7/17/2019,23:18:00,60.0123,13.6631,2.0,5493.8272
7/17/2019,23:20:00,60.01590432525952,13.663098453023938,2.0,5498.165575938249
7/17/2019,23:22:00,60.0206,13.663,2.0,5506.1728
7/17/2019,23:25:00,60.01978477695539,13.663068019696567,2.0,5506.1728
7/17/2019,23:27:00,60.00875884235796,13.663302209209474,2.0,5501.878964592918
7/17/2019,23:29:00,60.0041,13.663568379025818,2.0,5493.8272
7/17/2019,23:31:00,60.0041,13.66383454884216,2.0,5493.8272
7/17/2019,23:33:00,60.00761506521161,13.6639,2.0,5493.8272
7/17/2019,23:35:00,60.0123,13.6639,2.0,5493.8272
7/17/2019,23:37:00,60.0123,13.6639,2.0,5493.8272
7/17/2019,23:40:00,60.01582147990418,13.6637,2.0,5493.8272
7/17/2019,23:42:00,60.0206,13.6637,2.0,5502.139756118988
7/17/2019,23:44:00,60.01986779355871,13.66383321799308,2.0,5506.1728
7/17/2019,23:46:00,60.0123,13.664099387809422,2.0,5502.003268493699
7/17/2019,23:48:00,60.006113776088554,13.66433278546713,2.0,5493.8272
7/17/2019,23:50:00,60.0041,13.6644,2.0,5493.8272
7/17/2019,23:52:00,60.007533217993085,13.664598110320048,2.0,5493.8272
7/17/2019,23:54:00,60.0123,13.6646,2.0,5493.8272
7/17/2019,23:57:00,60.0123,13.664468867106756,2.0,5493.8272
7/17/2019,23:59:00,60.0123,13.6644,2.0,5497.919123981902
7/18/2019,0:01:00,60.0123,13.6643,2.0,5506.1728
7/18/2019,0:03:00,60.0123,13.66436530476444,2.0,5506.1728
7/18/2019,0:05:00,60.00892311128893,13.664596779345223,2.0,5502.126749189837
7/18/2019,0:07:00,60.0041,13.6648,2.0,5493.8272
7/18/2019,0:09:00,59.9959,13.66492933191376,2.0,5493.8272
7/18/2019,0:12:00,59.99925955549641,13.665,2.0,5493.8272
7/18/2019,0:14:00,60.0041,13.665,2.0,5493.8272
7/18/2019,0:16:00,60.0041,13.664871280922851,2.0,5493.8272
7/18/2019,0:18:00,60.0041,13.6648,2.0,5497.7958980037265
7/18/2019,0:20:00,59.99804212561675,13.6646,2.0,5506.1728
7/18/2019,0:22:00,59.9959,13.664728200692041,2.0,5506.1728
7/18/2019,0:24:00,59.9959,13.664994370508383,2.0,5493.8272
7/18/2019,0:26:00,59.9959,13.665260540324727,2.0,5493.8272
7/18/2019,0:29:00,59.99645601543785,13.6654,2.0,5493.8272
7/18/2019,0:31:00,60.0041,13.6654,2.0,5493.8272
7/18/2019,0:33:00,60.0041,13.6654,2.0,5493.8272
7/18/2019,0:35:00,60.00462054830982,13.6654,2.0,5493.8272
7/18/2019,0:37:00,60.0123,13.665207188104288,2.0,5493.8272
7/18/2019,0:39:00,60.0123,13.6652,2.0,5493.8272
7/18/2019,0:41:00,60.0031104391937,13.66532557891935,2.0,5493.8272
7/18/2019,0:44:00,59.9877,13.665591748735693,2.0,5493.8272
7/18/2019,0:46:00,59.9877,13.6657,2.0,5493.8272
7/18/2019,0:48:00,59.9877,13.6657,2.0,5493.8272
7/18/2019,0:50:00,59.9877,13.6657,2.0,5493.8272
7/18/2019,0:52:00,59.9877,13.6657,2.0,5493.8272
7/18/2019,0:54:00,59.9959,13.665638054277522,2.0,5493.8272
7/18/2019,0:56:00,59.9959,13.665409388544376,2.0,5493.8272
7/18/2019,0:59:00,59.9959,13.66545700026617,2.0,5493.8272
7/18/2019,1:01:00,59.9959,13.665661585041256,2.0,5493.8272
7/18/2019,1:03:00,59.9959,13.665889339898856,2.0,5493.8272
7/18/2019,1:05:00,59.9959,13.6661,2.0,5493.8272
7/18/2019,1:07:00,59.9959,13.6661,2.0,5493.8272
7/18/2019,1:09:00,59.9959,13.6661,2.0,5493.8272
7/18/2019,1:11:00,59.9959,13.6661,2.0,5493.8272
7/18/2019,1:13:00,60.0041,13.665978522371141,2.0,5493.8272
7/18/2019,1:16:00,60.0041,13.665711802360471,2.0,5493.8272
7/18/2019,1:18:00,60.0041,13.6657,2.0,5493.8272
7/18/2019,1:20:00,60.0041,13.665820974181528,2.0,5493.8272
7/18/2019,1:22:00,60.0041,13.66608714399787,2.0,5493.8272
7/18/2019,1:24:00,60.0041,13.6663,2.0,5493.8272
7/18/2019,1:26:00,60.0123,13.6663,2.0,5493.8272
7/18/2019,1:28:00,60.015351470588236,13.6663,2.0,5493.8272
7/18/2019,1:31:00,60.0206,13.6663,2.0,5493.8272
7/18/2019,1:33:00,60.02085756305317,13.66618073614723,2.0,5493.8272
7/18/2019,1:35:00,60.0288,13.665914016136561,2.0,5493.8272
7/18/2019,1:37:00,60.0288,13.6659,2.0,5493.8272
7/18/2019,1:39:00,60.0206,13.666018764972053,2.0,5493.8272
7/18/2019,1:41:00,60.0206,13.666284934788395,2.0,5493.8272
7/18/2019,1:43:00,60.0206,13.6665,2.0,5493.8272
7/18/2019,1:46:00,60.0206,13.6665,2.0,5493.8272
7/18/2019,1:48:00,60.0206,13.6665,2.0,5493.8272
7/18/2019,1:50:00,60.0206,13.6665,2.0,5493.8272
7/18/2019,1:52:00,60.0206,13.666382928781008,2.0,5493.8272
7/18/2019,1:54:00,60.0206,13.6661162154954,2.0,5493.8272
7/18/2019,1:56:00,60.0206,13.6661,2.0,5493.8272
7/18/2019,1:58:00,60.012142528505706,13.6661,2.0,5493.8272
7/18/2019,2:00:00,60.00120700806828,13.666282938514772,2.0,5493.8272
7/18/2019,2:03:00,59.99284846805954,13.666549108331115,2.0,5493.8272
7/18/2019,2:05:00,59.9877,13.6667,2.0,5493.8272
7/18/2019,2:07:00,59.9877,13.6667,2.0,5493.8272
7/18/2019,2:09:00,59.9877,13.6667,2.0,5493.8272
7/18/2019,2:11:00,59.9877,13.666585150363407,2.0,5493.8272
7/18/2019,2:13:00,59.9877,13.666318430352737,2.0,5493.8272
7/18/2019,2:15:00,59.98204951320352,13.6661,2.0,5493.8272
7/18/2019,2:18:00,59.970961764902206,13.666214572797445,2.0,5493.8272
7/18/2019,2:20:00,59.957253303964755,13.666480742613787,2.0,5493.8272
7/18/2019,2:22:00,59.9465,13.6667,2.0,5493.8272
7/18/2019,2:24:00,59.9465,13.666813281873836,2.0,5493.8272
7/18/2019,2:26:00,59.95749707213202,13.6669,2.0,5493.8272
7/18/2019,2:28:00,59.96854105669417,13.666853860514735,2.0,5493.8272
7/18/2019,2:30:00,59.971262749534205,13.6667,2.0,5493.8272
7/18/2019,2:32:00,59.9794,13.666520630792824,2.0,5493.8272
7/18/2019,2:35:00,59.9794,13.6663,2.0,5493.8272
7/18/2019,2:37:00,59.9794,13.666412371065414,2.0,5493.8272
7/18/2019,2:39:00,59.97664588917783,13.6665,2.0,5493.8272
7/18/2019,2:41:00,59.9712,13.66674492647548,2.0,5493.8272
7/18/2019,2:43:00,59.9712,13.6669,2.0,5493.8272
7/18/2019,2:45:00,59.9712,13.6669,2.0,5493.8272
7/18/2019,2:47:00,59.9712,13.6669,2.0,5493.8272
7/18/2019,2:50:00,59.9793721719457,13.666789345246032,2.0,5493.8272
7/18/2019,2:52:00,59.9794,13.6667,2.0,5493.8272
7/18/2019,2:54:00,59.9794,13.6665,2.0,5493.8272
7/18/2019,2:56:00,59.9794,13.6665,2.0,5493.8272
7/18/2019,2:58:00,59.9794,13.666676537130689,2.0,5493.8272
7/18/2019,3:00:00,59.9794,13.666921353473516,2.0,5493.8272
7/18/2019,3:02:00,59.9794,13.667,2.0,5493.8272
7/18/2019,3:05:00,59.9877,13.667,2.0,5493.8272
7/18/2019,3:07:00,59.9877,13.667,2.0,5493.8272
7/18/2019,3:09:00,59.9877,13.666945782489831,2.0,5493.8272
7/18/2019,3:11:00,59.9959,13.666724844968995,2.0,5493.8272
7/18/2019,3:13:00,59.9959,13.6665,2.0,5493.8272
7/18/2019,3:15:00,59.9959,13.666608158104872,2.0,5493.8272
7/18/2019,3:17:00,59.9959,13.666874327921214,2.0,5493.8272
7/18/2019,3:19:00,59.9959,13.667,2.0,5493.8272
7/18/2019,3:22:00,59.9959,13.667,2.0,5493.8272
7/18/2019,3:24:00,59.9959,13.667,2.0,5493.8272
7/18/2019,3:26:00,59.9959,13.667,2.0,5493.8272
7/18/2019,3:28:00,59.9959,13.666946782689871,2.0,5493.8272
7/18/2019,3:30:00,60.0041,13.6669,2.0,5493.8272
7/18/2019,3:32:00,60.0041,13.6667,2.0,5493.8272
7/18/2019,3:34:00,60.0041,13.6667,2.0,5493.8272
7/18/2019,3:37:00,60.0041,13.66687233164759,2.0,5493.8272
7/18/2019,3:39:00,60.0041,13.667,2.0,5493.8272
7/18/2019,3:41:00,60.0041,13.667104891195848,2.0,5493.8272
7/18/2019,3:43:00,60.00654996007453,13.6672,2.0,5493.8272
7/18/2019,3:45:00,60.0123,13.6672,2.0,5493.8272
7/18/2019,3:47:00,60.0123,13.667095779155831,2.0,5493.8272
7/18/2019,3:49:00,60.0123,13.666914529572582,2.0,5493.8272
7/18/2019,3:52:00,60.0123,13.666862528337111,2.0,5493.8272
7/18/2019,3:54:00,60.0123,13.6667,2.0,5493.8272
7/18/2019,3:56:00,60.0123,13.666870335373968,2.0,5493.8272
7/18/2019,3:58:00,60.0123,13.66703650519031,2.0,5493.8272
7/18/2019,4:00:00,60.00445431086217,13.6672,2.0,5493.8272
7/18/2019,4:02:00,60.0041,13.6672,2.0,5493.8272
7/18/2019,4:04:00,60.00918926004791,13.6672,2.0,5493.8272
7/18/2019,4:06:00,60.0123,13.667097772739396,2.0,5493.8272
7/18/2019,4:09:00,60.0123,13.667,2.0,5493.8272
7/18/2019,4:11:00,60.00723542277941,13.666864541938926,2.0,5493.8272
7/18/2019,4:13:00,60.0041,13.6667,2.0,5493.8272
7/18/2019,4:15:00,60.00178166966727,13.666868341207,2.0,5493.8272
7/18/2019,4:17:00,59.9959,13.66703450891669,2.0,5493.8272
7/18/2019,4:19:00,59.9959,13.6672,2.0,5493.8272
7/18/2019,4:21:00,60.0041,13.6672,2.0,5493.8272
7/18/2019,4:24:00,60.0041,13.6672,2.0,5493.8272
7/18/2019,4:26:00,60.01182910566942,13.6672,2.0,5493.8272
7/18/2019,4:28:00,60.0123,13.667033271102813,2.0,5493.8272
7/18/2019,4:30:00,60.0123,13.666866542205627,2.0,5493.8272
7/18/2019,4:32:00,60.0123,13.6667,2.0,5493.8272
7/18/2019,4:34:00,60.0100724344869,13.666866342826724,2.0,5493.8272
7/18/2019,4:36:00,59.99913658308882,13.667032512643067,2.0,5493.8272
7/18/2019,4:38:00,59.99640959525238,13.6672,2.0,5493.8272
7/18/2019,4:41:00,59.998112603140804,13.6672,2.0,5493.8272
7/18/2019,4:43:00,60.0041,13.6672,2.0,5493.8272
7/18/2019,4:45:00,60.0041,13.6672,2.0,5493.8272
7/18/2019,4:47:00,60.0123,13.66703527372141,2.0,5493.8272
7/18/2019,4:49:00,60.0123,13.6669,2.0,5493.8272
7/18/2019,4:51:00,60.0123,13.6669,2.0,5493.8272
7/18/2019,4:53:00,60.0123,13.6669,2.0,5493.8272
7/18/2019,4:56:00,60.007427132093085,13.667030516369444,2.0,5493.8272
7/18/2019,4:58:00,60.0041,13.6672,2.0,5493.8272
7/18/2019,5:00:00,60.0041,13.667363055629492,2.0,5493.8272
7/18/2019,5:02:00,59.999245945585486,13.66737050076682,2.0,5493.8272
7/18/2019,5:04:00,59.9959,13.6672,2.0,5493.8272
7/18/2019,5:06:00,59.99800347351611,13.6672,2.0,5493.8272
7/18/2019,5:08:00,60.0041,13.666985377075415,2.0,5493.8272
7/18/2019,5:11:00,60.0041,13.6669,2.0,5493.8272
7/18/2019,5:13:00,59.99995210600093,13.6669,2.0,5493.8272
7/18/2019,5:15:00,59.98282526505301,13.66702852009582,2.0,5493.8272
7/18/2019,5:17:00,59.9794,13.6672,2.0,5493.8272
7/18/2019,5:19:00,59.9794,13.66736105935587,2.0,5493.8272
7/18/2019,5:21:00,59.9794,13.6674,2.0,5493.8272
7/18/2019,5:23:00,59.98700023289859,13.66730599453224,2.0,5493.8272
7/18/2019,5:25:00,59.9877,13.6672,2.0,5493.8272
7/18/2019,5:28:00,60.00064277348949,13.666986371516202,2.0,5493.8272
7/18/2019,5:30:00,60.0041,13.6669,2.0,5493.8272
7/18/2019,5:32:00,60.002110282056414,13.6669,2.0,5493.8272
7/18/2019,5:34:00,59.99465648111066,13.66691336172478,2.0,5493.8272
7/18/2019,5:36:00,59.9877,13.667092893265904,2.0,5493.8272
7/18/2019,5:38:00,59.9877,13.6672,2.0,5493.8272
7/18/2019,5:40:00,59.9877,13.6672,2.0,5493.8272
7/18/2019,5:43:00,59.9877,13.6672,2.0,5493.8272
7/18/2019,5:45:00,60.0041,13.6672,2.0,5493.8272
7/18/2019,5:47:00,60.0041,13.667,2.0,5493.8272
7/18/2019,5:49:00,60.0041,13.666954121098959,2.0,5493.8272
7/18/2019,5:51:00,60.0041,13.6669,2.0,5493.8272
7/18/2019,5:53:00,60.0041,13.666912363587969,2.0,5493.8272
7/18/2019,5:55:00,60.0041,13.667090896992281,2.0,5493.8272
7/18/2019,5:58:00,60.00221963726079,13.6672,2.0,5493.8272
7/18/2019,6:00:00,59.9959,13.6674,2.0,5493.8272
7/18/2019,6:02:00,59.9959,13.6674,2.0,5493.8272
7/18/2019,6:04:00,60.0041,13.66724348869774,2.0,5493.8272
7/18/2019,6:06:00,60.0041,13.667176968727079,2.0,5493.8272
7/18/2019,6:08:00,60.0041,13.666955124358205,2.0,5493.8272
7/18/2019,6:10:00,60.00227431486297,13.6669,2.0,5493.8272
7/18/2019,6:12:00,59.9959,13.666911365451158,2.0,5493.8272
7/18/2019,6:15:00,59.9959,13.667088900718658,2.0,5493.8272
7/18/2019,6:17:00,59.9959,13.6672,2.0,5493.8272
7/18/2019,6:19:00,59.9959,13.6674,2.0,5493.8272
7/18/2019,6:21:00,60.003145661431994,13.6674,2.0,5493.8272
7/18/2019,6:23:00,60.00586735427203,13.6674,2.0,5493.8272
7/18/2019,6:25:00,60.0123,13.6672,2.0,5493.8272
7/18/2019,6:27:00,60.019589771744194,13.667112462492499,2.0,5493.8272
7/18/2019,6:30:00,60.0206,13.666922871240915,2.0,5493.8272
7/18/2019,6:32:00,60.0206,13.6669,2.0,5493.8272
7/18/2019,6:34:00,60.0206,13.6669435520362,2.0,5493.8272
7/18/2019,6:36:00,60.0123,13.66715327388874,2.0,5493.8272
7/18/2019,6:38:00,60.0123,13.6672,2.0,5493.8272
7/18/2019,6:40:00,60.0123,13.667286026084643,2.0,5493.8272
7/18/2019,6:42:00,60.013997225179665,13.6672474894979,2.0,5493.8272
7/18/2019,6:44:00,60.0206,13.6672,2.0,5493.8272
7/18/2019,6:47:00,60.0206,13.667114462892577,2.0,5493.8272
7/18/2019,6:49:00,60.0288,13.666923871440956,2.0,5493.8272
7/18/2019,6:51:00,60.0288,13.6669,2.0,5493.8272
7/18/2019,6:53:00,60.0217099553244,13.666942553899387,2.0,5493.8272
7/18/2019,6:55:00,60.0206,13.667151277615117,2.0,5493.8272
7/18/2019,6:57:00,60.0206,13.6672,2.0,5493.8272
7/18/2019,6:59:00,60.0206,13.66728402981102,2.0,5493.8272
7/18/2019,7:02:00,60.0206,13.6674,2.0,5493.8272
7/18/2019,7:04:00,60.0206,13.6672,2.0,5493.8272
7/18/2019,7:06:00,60.0206,13.667116463292658,2.0,5493.8272
7/18/2019,7:08:00,60.0206,13.667,2.0,5493.8272
7/18/2019,7:10:00,60.0206,13.6669,2.0,5493.8272
7/18/2019,7:12:00,60.0206,13.6669,2.0,5493.8272
7/18/2019,7:14:00,60.01075645129026,13.666974740484429,2.0,5493.8272
7/18/2019,7:17:00,59.999820930852835,13.6672,2.0,5493.8272
7/18/2019,7:19:00,59.990072258193706,13.6672,2.0,5493.8272
7/18/2019,7:21:00,59.9877,13.6672,2.0,5493.8272
7/18/2019,7:23:00,59.9877,13.6672,2.0,5493.8272
7/18/2019,7:25:00,59.9877,13.6672,2.0,5493.8272
7/18/2019,7:27:00,59.9877,13.667051957058078,2.0,5493.8272
7/18/2019,7:29:00,59.9877,13.6669,2.0,5493.8272
7/18/2019,7:31:00,59.9877,13.6669,2.0,5493.8272
7/18/2019,7:34:00,59.97790456758018,13.666973742347619,2.0,5493.8272
7/18/2019,7:36:00,59.9712,13.6672,2.0,5493.8272
7/18/2019,7:38:00,59.96424227512169,13.667280037263774,2.0,5493.8272
7/18/2019,7:40:00,59.963,13.6674,2.0,5493.8272
7/18/2019,7:42:00,59.963,13.6674,2.0,5493.8272
7/18/2019,7:44:00,59.963,13.667320677468828,2.0,5493.8272
7/18/2019,7:46:00,59.963,13.6672,2.0,5493.8272
7/18/2019,7:49:00,59.96717584508917,13.666993718743749,2.0,5493.8272
7/18/2019,7:51:00,59.9712,13.6669,2.0,5493.8272
7/18/2019,7:53:00,59.9712,13.6669,2.0,5493.8272
7/18/2019,7:55:00,59.9712,13.6672,2.0,5493.8272
7/18/2019,7:57:00,59.9712,13.667278040990151,2.0,5493.8272
7/18/2019,7:59:00,59.9712,13.6674,2.0,5493.8272
7/18/2019,8:01:00,59.9712,13.6674,2.0,5493.8272
7/18/2019,8:04:00,59.9712,13.6674,2.0,5493.8272
7/18/2019,8:06:00,59.9712,13.6674,2.0,5493.8272
7/18/2019,8:08:00,59.9712,13.667189651263586,2.0,5493.8272
7/18/2019,8:10:00,59.9712,13.667,2.0,5493.8272
7/18/2019,8:12:00,59.96986039874642,13.666928210428058,2.0,5493.8272
7/18/2019,8:14:00,59.963,13.666905037263774,2.0,5493.8272
7/18/2019,8:16:00,59.963,13.66707624434389,2.0,5493.8272
7/18/2019,8:18:00,59.96164732946589,13.667342423637454,2.0,5493.8272
7/18/2019,8:21:00,59.9546,13.6674,2.0,5493.8272
7/18/2019,8:23:00,59.9546,13.6674,2.0,5493.8272
7/18/2019,8:25:00,59.963,13.6674,2.0,5493.8272
7/18/2019,8:27:00,59.963,13.667391852246967,2.0,5493.8272
7/18/2019,8:29:00,59.963,13.6672,2.0,5493.8272
7/18/2019,8:31:00,59.963,13.667058625058345,2.0,5493.8272
7/18/2019,8:33:00,59.963,13.6669,2.0,5493.8272
7/18/2019,8:36:00,59.95611622324465,13.666937223848816,2.0,5493.8272
7/18/2019,8:38:00,59.9465,13.667140617513974,2.0,5493.8272
7/18/2019,8:40:00,59.9465,13.6674,2.0,5493.8272
7/18/2019,8:42:00,59.9465,13.6674,2.0,5493.8272
7/18/2019,8:44:00,59.95584703220655,13.6674,2.0,5493.8272
7/18/2019,8:46:00,59.963,13.6674,2.0,5493.8272
7/18/2019,8:48:00,59.963,13.667327345469094,2.0,5493.8272
7/18/2019,8:50:00,59.9712,13.6672,2.0,5493.8272
7/18/2019,8:53:00,59.9712,13.667,2.0,5493.8272
7/18/2019,8:55:00,59.9712,13.667,2.0,5493.8272
7/18/2019,8:57:00,59.9712,13.667138621240351,2.0,5493.8272
7/18/2019,8:59:00,59.9712,13.6674,2.0,5493.8272
7/18/2019,9:01:00,59.9712,13.66747117380889,2.0,5493.8272
7/18/2019,9:03:00,59.9712,13.6676,2.0,5493.8272
7/18/2019,9:05:00,59.9712,13.6676,2.0,5493.8272
7/18/2019,9:08:00,59.97776141868512,13.667529559245184,2.0,5493.8272
7/18/2019,9:10:00,59.9804962472553,13.6674,2.0,5493.8272
7/18/2019,9:12:00,59.9877,13.6672,2.0,5493.8272
7/18/2019,9:14:00,59.9877,13.6672,2.0,5493.8272
7/18/2019,9:16:00,59.98663794092151,13.6672,2.0,5493.8272
7/18/2019,9:18:00,59.975614963990395,13.667402794783072,2.0,5493.8272
7/18/2019,9:20:00,59.9712,13.6676,2.0,5493.8272
7/18/2019,9:23:00,59.9712,13.6676,2.0,5493.8272
7/18/2019,9:25:00,59.9712,13.6676,2.0,5493.8272
7/18/2019,9:27:00,59.9712,13.6676,2.0,5493.8272
7/18/2019,9:29:00,59.9794,13.6676,2.0,5493.8272
7/18/2019,9:31:00,59.9794,13.667398533039941,2.0,5493.8272
7/18/2019,9:33:00,59.9794,13.6672,2.0,5493.8272
7/18/2019,9:35:00,59.978424069875985,13.667334429065745,2.0,5493.8272
7/18/2019,9:37:00,59.9712,13.6676,2.0,5493.8272
7/18/2019,9:40:00,59.964762259118494,13.667666968325792,2.0,5493.8272
7/18/2019,9:42:00,59.963,13.6678,2.0,5493.8272
7/18/2019,9:44:00,59.963,13.6678,2.0,5493.8272
7/18/2019,9:46:00,59.963,13.6678,2.0,5493.8272
7/18/2019,9:48:00,59.9712,13.66766725345069,2.0,5493.8272
7/18/2019,9:50:00,59.974848749001865,13.6676,2.0,5493.8272
7/18/2019,9:52:00,59.9794,13.667334017869049,2.0,5493.8272
7/18/2019,9:55:00,59.9877,13.6672,2.0,5493.8272
7/18/2019,9:57:00,59.9877,13.667398802235827,2.0,5493.8272
7/18/2019,9:59:00,59.9877,13.667465171679533,2.0,5493.8272
7/18/2019,10:01:00,59.98855557625765,13.6676,2.0,5493.8272
7/18/2019,10:02:14,60.0,5.52911,1.0,5428.8
7/18/2019,14:34:00,60.144,13.5037,2.0,6032.8542
7/18/2019,14:36:00,60.144,13.5032,2.0,6072.543502076693
7/18/2019,14:38:00,60.144,13.504096965462168,2.0,6086.2423
7/18/2019,14:40:00,60.14281549799958,13.504894888178914,2.0,6112.9363
7/18/2019,14:42:00,60.1358,13.5062,2.0,6125.395986963465
7/18/2019,14:44:00,60.1358,13.507389620758484,2.0,6139.6303
7/18/2019,14:46:00,60.1358,13.5086,2.0,6139.6303
7/18/2019,14:48:00,60.1358,13.511,2.0,6139.6303
7/18/2019,14:51:00,60.1358,13.5128,2.0,6166.3244
7/18/2019,14:53:00,60.1358,13.513972155688622,2.0,6166.3244
7/18/2019,14:55:00,60.1358,13.5148,2.0,6166.3244
7/18/2019,14:57:00,60.1358,13.5156,2.0,6177.539333386583
7/18/2019,14:59:00,60.1358,13.5169,2.0,6193.0185
7/18/2019,15:01:00,60.1358,13.518867498502695,2.0,6193.0185
7/18/2019,15:03:00,60.1358,13.521,2.0,6193.0185
7/18/2019,15:06:00,60.1276,13.521,2.0,6193.0185
7/18/2019,15:08:00,60.1276,13.5247,2.0,6193.0185
7/18/2019,15:10:00,60.1276,13.526654331337324,2.0,6193.0185
7/18/2019,15:12:00,60.1276,13.528,2.0,6193.0185
7/18/2019,15:14:00,60.1276,13.528,2.0,6193.0185
7/18/2019,15:16:00,60.1276,13.5309,2.0,6193.0185
7/18/2019,15:18:00,60.1276,13.533242423637454,2.0,6193.0185
7/18/2019,15:20:00,60.12852613994537,13.5346,2.0,6193.0185
7/18/2019,15:23:00,60.1358,13.5354,2.0,6193.0185
7/18/2019,15:25:00,60.1358,13.5362,2.0,6193.0185
7/18/2019,15:27:00,60.1358,13.5383,2.0,6166.3244
7/18/2019,15:29:00,60.1358,13.540628368935915,2.0,6166.3244
7/18/2019,15:31:00,60.1358,13.542325479233227,2.0,6166.3244
7/18/2019,15:33:00,60.12978229287294,13.5432,2.0,6166.3244
7/18/2019,15:35:00,60.1276,13.544,2.0,6166.3244
7/18/2019,15:37:00,60.1276,13.545218546616091,2.0,6166.3244
7/18/2019,15:40:00,60.1276,13.546815528942117,2.0,6166.3244
7/18/2019,15:42:00,60.1276,13.548490696745858,2.0,6166.3244
7/18/2019,15:44:00,60.1358,13.549610001996406,2.0,6166.3244
7/18/2019,15:46:00,60.1358,13.550507845877421,2.0,6166.3244
7/18/2019,15:48:00,60.1358,13.5514,2.0,6166.3244
7/18/2019,15:50:00,60.1358,13.552603134358156,2.0,6166.3244
7/18/2019,15:52:00,60.1358,13.554200179676583,2.0,6166.3244
7/18/2019,15:54:00,60.1358,13.555472055888224,2.0,6166.3244
7/18/2019,15:57:00,60.1276,13.556295468157316,2.0,6166.3244
7/18/2019,15:59:00,60.1276,13.55709337060703,2.0,6166.3244
7/18/2019,16:01:00,60.126937607917455,13.5575,2.0,6166.3244
7/18/2019,16:03:00,60.1193,13.5588,2.0,6166.3244
7/18/2019,16:05:00,60.1193,13.5601,2.0,6166.3244
7/18/2019,16:07:00,60.1193,13.5609,2.0,6166.3244
7/18/2019,16:09:00,60.1193,13.5617,2.0,6166.3244
7/18/2019,16:12:00,60.1193,13.5626,2.0,6166.3244
7/18/2019,16:14:00,60.1276,13.563277819924137,2.0,6166.3244
7/18/2019,16:16:00,60.1276,13.56447520958084,2.0,6166.3244
7/18/2019,16:18:00,60.1276,13.5654,2.0,6166.3244
7/18/2019,16:20:00,60.1193,13.5663,2.0,6166.3244
7/18/2019,16:22:00,60.1193,13.5671,2.0,6166.3244
7/18/2019,16:24:00,60.1111,13.5675,2.0,6166.3244
7/18/2019,16:26:00,60.1111,13.568131104012778,2.0,6166.3244
7/18/2019,16:29:00,60.1111,13.568962779552717,2.0,6166.3244
7/18/2019,16:31:00,60.1111,13.5699,2.0,6166.3244
7/18/2019,16:33:00,60.1193,13.5708,2.0,6166.3244
7/18/2019,16:35:00,60.1193,13.5712,2.0,6166.3244
7/18/2019,16:37:00,60.1193,13.5716,2.0,6166.3244
7/18/2019,16:39:00,60.1193,13.572252774451098,2.0,6166.3244
7/18/2019,16:41:00,60.1111,13.5733,2.0,6166.3244
7/18/2019,16:43:00,60.1111,13.5741,2.0,6166.3244
7/18/2019,16:46:00,60.1111,13.5745,2.0,6166.3244
7/18/2019,16:48:00,60.1111,13.5749,2.0,6166.3244
7/18/2019,16:50:00,60.1111,13.5753,2.0,6166.3244
7/18/2019,16:52:00,60.1111,13.57584108604512,2.0,6166.3244
7/18/2019,16:54:00,60.1111,13.577,2.0,6166.3244
7/18/2019,16:56:00,60.1111,13.577577580355362,2.0,6166.3244
7/18/2019,16:58:00,60.1111,13.577993771211819,2.0,6166.3244
7/18/2019,17:00:00,60.1111,13.578433293413173,2.0,6166.3244
7/18/2019,17:03:00,60.1111,13.5786,2.0,6166.3244
7/18/2019,17:05:00,60.1111,13.579,2.0,6166.3244
7/18/2019,17:07:00,60.1111,13.5798,2.0,6166.3244
7/18/2019,17:09:00,60.1111,13.580482448083067,2.0,6166.3244
7/18/2019,17:11:00,60.1111,13.5811,2.0,6166.3244
7/18/2019,17:13:00,60.1111,13.5811,2.0,6166.3244
7/18/2019,17:15:00,60.1111,13.5815,2.0,6166.3244
7/18/2019,17:18:00,60.1111,13.5819,2.0,6166.3244
7/18/2019,17:20:00,60.1111,13.5827,2.0,6166.3244
7/18/2019,17:22:00,60.1111,13.5835,2.0,6166.3244
7/18/2019,17:24:00,60.1111,13.584,2.0,6166.3244
7/18/2019,17:26:00,60.1111,13.584,2.0,6166.3244
7/18/2019,17:28:00,60.1111,13.584,2.0,6166.3244
7/18/2019,17:30:00,60.1111,13.5844,2.0,6166.3244
7/18/2019,17:32:00,60.1029,13.5852,2.0,6166.3244
7/18/2019,17:35:00,60.1029,13.5856,2.0,6166.3244
7/18/2019,17:37:00,60.1029,13.5859,2.0,6166.3244
7/18/2019,17:39:00,60.1029,13.5864,2.0,6166.3244
7/18/2019,17:41:00,60.1111,13.5864,2.0,6166.3244
7/18/2019,17:43:00,60.1111,13.5864,2.0,6166.3244
7/18/2019,17:45:00,60.1111,13.5872,2.0,6166.3244
7/18/2019,17:47:00,60.1111,13.5877,2.0,6166.3244
7/18/2019,17:49:00,60.108138744998946,13.587844879217409,2.0,6166.3244
7/18/2019,17:52:00,60.1029,13.588,2.0,6166.3244
7/18/2019,17:54:00,60.093495278246195,13.588,2.0,6166.3244
7/18/2019,17:56:00,60.0864,13.588236022364217,2.0,6166.3244
7/18/2019,17:58:00,60.0864,13.5889,2.0,6166.3244
7/18/2019,18:00:00,60.0782,13.5893,2.0,6166.3244
7/18/2019,18:02:00,60.0782,13.5897,2.0,6166.3244
7/18/2019,18:04:00,60.0782,13.5897,2.0,6166.3244
7/18/2019,18:07:00,60.0782,13.5897,2.0,6166.3244
7/18/2019,18:09:00,60.0782,13.590278718307047,2.0,6166.3244
7/18/2019,18:11:00,60.0782,13.590677005988024,2.0,6166.3244
7/18/2019,18:13:00,60.0782,13.5909,2.0,6166.3244
7/18/2019,18:15:00,60.0782,13.5914,2.0,6166.3244
7/18/2019,18:17:00,60.07,13.5909,2.0,6166.3244
7/18/2019,18:19:00,60.07,13.5914,2.0,6166.3244
7/18/2019,18:21:00,60.07,13.5918,2.0,6166.3244
7/18/2019,18:24:00,60.07,13.5922,2.0,6139.6303
7/18/2019,18:26:00,60.07,13.592366021161908,2.0,6139.6303
7/18/2019,18:28:00,60.07,13.5926,2.0,6139.6303
7/18/2019,18:30:00,60.07,13.5922,2.0,6166.3244
7/18/2019,18:32:00,60.0782,13.5926,2.0,6166.3244
7/18/2019,18:34:00,60.0782,13.593,2.0,6166.3244
7/18/2019,18:36:00,60.08345985708281,13.593,2.0,6166.3244
7/18/2019,18:38:00,60.0864,13.5934,2.0,6166.3244
7/18/2019,18:41:00,60.079438159418764,13.5934,2.0,6166.3244
7/18/2019,18:43:00,60.0782,13.59315452186065,2.0,6166.3244
7/18/2019,18:45:00,60.0782,13.593514610778444,2.0,6166.3244
7/18/2019,18:47:00,60.0782,13.59385110756336,2.0,6147.634799540829
7/18/2019,18:49:00,60.0782,13.5941,2.0,6139.6303
7/18/2019,18:51:00,60.0782,13.5941,2.0,6139.6303
7/18/2019,18:53:00,60.0782,13.5941,2.0,6166.3244
7/18/2019,18:55:00,60.0782,13.5941,2.0,6166.3244
7/18/2019,18:58:00,60.08374650136583,13.5941,2.0,6166.3244
7/18/2019,19:00:00,60.0864,13.594842252396166,2.0,6148.702456190076
7/18/2019,19:02:00,60.0864,13.5951,2.0,6139.6303
7/18/2019,19:04:00,60.0864,13.5955,2.0,6139.6303
7/18/2019,19:06:00,60.0782,13.5955,2.0,6139.6303
7/18/2019,19:08:00,60.0782,13.5951,2.0,6166.3244
7/18/2019,19:10:00,60.0782,13.5955,2.0,6166.3244
7/18/2019,19:13:00,60.0782,13.5958,2.0,6139.6303
7/18/2019,19:15:00,60.0782,13.5963,2.0,6139.6303
7/18/2019,19:17:00,60.0782,13.5963,2.0,6139.6303
7/18/2019,19:19:00,60.0782,13.5963,2.0,6139.6303
7/18/2019,19:21:00,60.0864,13.5958,2.0,6155.4719264377045
7/18/2019,19:23:00,60.09401363875171,13.595957984031937,2.0,6166.3244
7/18/2019,19:25:00,60.0947,13.5967,2.0,6139.6303
7/18/2019,19:27:00,60.0947,13.596822923322684,2.0,6139.6303
7/18/2019,19:30:00,60.09280807538429,13.5971,2.0,6139.6303
7/18/2019,19:32:00,60.0864,13.5971,2.0,6139.6303
7/18/2019,19:34:00,60.0864,13.5967,2.0,6139.6303
7/18/2019,19:36:00,60.0864,13.5967,2.0,6166.3244
7/18/2019,19:38:00,60.08112413139608,13.5971,2.0,6151.905961401749
7/18/2019,19:42:59,60.09,5.51185,1.0,6163.5
7/18/2019,19:48:00,60.088320874513336,13.527,2.0,6629.648838087752
7/18/2019,19:50:00,60.1067400224635,13.53744876460018,2.0,6624.122149202545
7/18/2019,19:52:00,60.110819453388245,13.53819752901535,2.0,6622.2793
7/18/2019,19:55:00,60.117,13.538449251272837,2.0,6623.098520732256
7/18/2019,19:57:00,60.117,13.538698008236617,2.0,6623.5112
7/18/2019,19:59:00,60.11094209344115,13.539489997005091,2.0,6619.441448023359
7/18/2019,20:01:00,60.1088,13.540688019468364,2.0,6613.687719692997
7/18/2019,20:03:00,60.1088,13.541196510931417,2.0,6611.001004612159
7/18/2019,20:05:00,60.1088,13.54169200359389,2.0,6610.3696
7/18/2019,20:07:00,60.114776083863724,13.5417,2.0,6611.771129477389
7/18/2019,20:09:00,60.117,13.5417,2.0,6615.248440139264
7/18/2019,20:12:00,60.11106505428678,13.541594504342617,2.0,6616.9588978885895
7/18/2019,20:14:00,60.106985623362036,13.542088019468364,2.0,6612.525700748725
7/18/2019,20:16:00,60.1006,13.542733772553717,2.0,6609.399323914346
7/18/2019,20:18:00,60.1006,13.543289509546986,2.0,6607.917801010857
7/18/2019,20:20:00,60.106452845163226,13.5434,2.0,6608.89226232687
7/18/2019,20:22:00,60.110532584606176,13.5434,2.0,6611.529799842756
7/18/2019,20:24:00,60.117,13.5433,2.0,6614.574016016474
7/18/2019,20:26:00,60.115308550464206,13.54310899970051,2.0,6617.696121518419
7/18/2019,20:29:00,60.10302899288656,13.543435759209345,2.0,6614.205307974541
7/18/2019,20:31:00,60.1006,13.544074992512728,2.0,6610.854219040131
7/18/2019,20:33:00,60.1006,13.544444751422581,2.0,6608.541045642408
7/18/2019,20:35:00,60.1006,13.544689007862225,2.0,6608.706358849955
7/18/2019,20:37:00,60.1006,13.544611500449236,2.0,6611.288525711291
7/18/2019,20:39:00,60.1088,13.54440599775365,2.0,6613.975416076377
7/18/2019,20:41:00,60.1031522162324,13.544443751403968,2.0,6616.577032345013
7/18/2019,20:43:00,60.0842,13.544687002096437,2.0,6613.416817424186
7/18/2019,20:46:00,60.0842,13.545129774649997,2.0,6610.292608670909
7/18/2019,20:48:00,60.076,13.545671997604073,2.0,6608.369582389937
7/18/2019,20:50:00,60.08156593036316,13.5457,2.0,6608.26082299169
7/18/2019,20:52:00,60.08709072257582,13.5457,2.0,6609.872559621144
7/18/2019,20:54:00,60.1006,13.545530997304581,2.0,6613.827584755915
7/18/2019,20:56:00,60.09779155372519,13.5453,2.0,6617.2279743766385
7/18/2019,20:58:00,60.07871614255765,13.545583504305505,2.0,6614.730954110511
7/18/2019,21:00:00,60.0678,13.545974505840071,2.0,6611.322358801946
7/18/2019,21:03:00,60.0678,13.54648250093598,2.0,6609.3768239086485
7/18/2019,21:05:00,60.0678,13.546691000299491,2.0,6609.513398495059
7/18/2019,21:07:00,60.07320199176339,13.546659246780473,2.0,6611.386011531262
7/18/2019,21:09:00,60.076,13.546328504043126,2.0,6615.449676609765
7/18/2019,21:11:00,60.076,13.5463,2.0,6617.7618
7/18/2019,21:13:00,60.06652946461999,13.5463,2.0,6615.903500673854
7/18/2019,21:15:00,60.05414494609164,13.546679499850255,2.0,6612.007114465408
7/18/2019,21:17:00,60.0513,13.547068506177462,2.0,6610.040919243729
7/18/2019,21:20:00,60.0513,13.5473,2.0,6610.285345634921
7/18/2019,21:22:00,60.0594,13.5473,2.0,6612.250550325721
7/18/2019,21:24:00,60.0594,13.546922491764,2.0,6615.194093979783
7/18/2019,21:26:00,60.0594,13.5468,2.0,6619.864545357893
7/18/2019,21:28:00,60.05426646199925,13.5467,2.0,6618.860259778376
7/18/2019,21:30:00,60.0349,13.5469640134781,2.0,6614.807003414195
7/18/2019,21:32:00,60.0349,13.547475501647199,2.0,6612.930194204851
7/18/2019,21:34:00,60.0349,13.5476,2.0,6612.0615655484835
7/18/2019,21:37:00,60.0349,13.547788244103332,2.0,6613.1436852650495
7/18/2019,21:39:00,60.0513,13.5476,2.0,6615.811156690378
7/18/2019,21:41:00,60.0513,13.5473,2.0,6619.654082253838
7/18/2019,21:43:00,60.033946454511415,13.5473,2.0,6620.743351781971
7/18/2019,21:45:00,60.021666786463015,13.547408768251591,2.0,6617.677636330961
7/18/2019,21:47:00,60.0185,13.5476,2.0,6615.053334668663
7/18/2019,21:49:00,60.0185,13.547971503444145,2.0,6613.916796263572
7/18/2019,21:51:00,60.0267,13.5481,2.0,6614.0082013850415
7/18/2019,21:54:00,60.03165131411456,13.547964745077488,2.0,6617.117057786763
7/18/2019,21:56:00,60.0349,13.547644975288302,2.0,6620.630456248597
7/18/2019,21:58:00,60.0349,13.5476,2.0,6622.521467387886
7/18/2019,22:00:00,60.02591045223121,13.547853504043127,2.0,6619.014168204282
7/18/2019,22:02:00,60.0185,13.54816850853549,2.0,6616.101632564582
7/18/2019,22:04:00,60.01924841269842,13.54838399970051,2.0,6614.603690431266
7/18/2019,22:06:00,60.03152826119515,13.5487,2.0,6615.027748023361
7/18/2019,22:08:00,60.036314661175595,13.548616495694496,2.0,6616.677647079964
7/18/2019,22:11:00,60.0513,13.548233498053309,2.0,6620.102905300591
7/18/2019,22:13:00,60.0513,13.548016997379259,2.0,6622.9651208611
7/18/2019,22:15:00,60.0418082359988,13.54809825533508,2.0,6621.050310774182
7/18/2019,22:17:00,60.0267,13.548630008984727,2.0,6616.878824185698
7/18/2019,22:19:00,60.0267,13.548932250093598,2.0,6614.4764
7/18/2019,22:21:00,60.0267,13.549246001796945,2.0,6614.137563274932
7/18/2019,22:23:00,60.03136396106327,13.549236492961965,2.0,6614.595472287533
7/18/2019,22:25:00,60.0349,13.548937002096435,2.0,6618.065753219527
7/18/2019,22:28:00,60.0349,13.5486,2.0,6621.28859500599
7/18/2019,22:30:00,60.02619774616249,13.5486,2.0,6622.355265303983
7/18/2019,22:32:00,60.01391804432465,13.548792250673854,2.0,6617.813122626535
7/18/2019,22:34:00,60.0103,13.549241505054287,2.0,6614.7884576488195
7/18/2019,22:36:00,60.0103,13.549560501684763,2.0,6614.602691172507
7/18/2019,22:38:00,60.0103,13.5497,2.0,6615.217639917634
7/18/2019,22:40:00,60.0148000224635,13.54944049116502,2.0,6616.243340209659
7/18/2019,22:43:00,60.01887942497754,13.54914100029949,2.0,6617.843904597185
7/18/2019,22:45:00,60.0267,13.5489,2.0,6622.191078601378
7/18/2019,22:47:00,60.01816168476226,13.5489,2.0,6622.942482345014
7/18/2019,22:49:00,60.0103,13.54895750224618,2.0,6619.094382487271
7/18/2019,22:51:00,60.0103,13.54925700486709,2.0,6616.0532993485585
7/18/2019,22:53:00,60.0103,13.549613006364657,2.0,6614.8871
7/18/2019,22:55:00,60.01055663372267,13.5499,2.0,6615.531840486709
7/18/2019,22:57:00,60.02283575920935,13.549644500187195,2.0,6616.815247457881
7/18/2019,23:00:00,60.0267,13.549344998502546,2.0,6620.50517903564
7/18/2019,23:02:00,60.0267,13.549245492662473,2.0,6624.218658884312
7/18/2019,23:04:00,60.0185,13.5491,2.0,6622.330599625636
7/18/2019,23:06:00,60.0185,13.549407008086254,2.0,6618.023573165618
7/18/2019,23:08:00,60.0185,13.549853006364657,2.0,6615.581023032572
7/18/2019,23:10:00,60.0185,13.5502,2.0,6614.8871
7/18/2019,23:12:00,60.0185,13.5502,2.0,6615.515420636466
7/18/2019,23:14:00,60.0226718328841,13.549848498689629,2.0,6618.408635474694
7/18/2019,23:17:00,60.0349,13.549397970797454,2.0,6622.410715050543
7/18/2019,23:19:00,60.030768688230005,13.5493,2.0,6624.015351928117
7/18/2019,23:21:00,60.01848956274334,13.54945,2.0,6620.619883144888
7/18/2019,23:23:00,60.0103,13.549974258760107,2.0,6616.832522716382
7/18/2019,23:25:00,60.0103,13.550274503931112,2.0,6614.6817249999995
7/18/2019,23:27:00,60.01434904162924,13.5504,2.0,6614.679695732255
7/18/2019,23:29:00,60.0185,13.55032599775365,2.0,6615.603687645077
7/18/2019,23:31:00,60.0267,13.550128745788093,2.0,6618.76999986523
7/18/2019,23:34:00,60.03478763758892,13.549752994908655,2.0,6623.067869801572
7/18/2019,23:36:00,60.03093322851153,13.5495,2.0,6623.844912422313
7/18/2019,23:38:00,60.01865350056159,13.54979200359389,2.0,6620.1662488170105
7/18/2019,23:40:00,60.0185,13.550245507637017,2.0,6616.749526806439
7/18/2019,23:42:00,60.0185,13.550544998502545,2.0,6615.519470619946
7/18/2019,23:44:00,60.0185,13.5506,2.0,6615.484599865229
7/18/2019,23:46:00,60.02646424079066,13.550455983226,2.0,6617.310045200659
7/18/2019,23:48:00,60.0267,13.550091247379456,2.0,6620.546272836179
7/18/2019,23:51:00,60.0267,13.5497,2.0,6624.8749586640715
7/18/2019,23:53:00,60.01909430967355,13.5497,2.0,6624.26074947589
7/18/2019,23:55:00,60.0103,13.549913005390836,2.0,6619.578992092848
7/18/2019,23:57:00,60.0103,13.550320754716981,2.0,6617.089294234369
7/18/2019,23:59:00,60.0103,13.550541000299491,2.0,6616.1191
7/19/2019,0:01:00,60.0103,13.5506,2.0,6616.289579245283
7/19/2019,0:03:00,60.018100314465414,13.550459992512167,2.0,6618.388079574724
7/19/2019,0:05:00,60.0185,13.550101242887092,2.0,6621.712594354598
7/19/2019,0:08:00,60.0185,13.549560995881691,2.0,6624.907610752527
7/19/2019,0:10:00,60.00666108116202,13.549596256083865,2.0,6623.440349236296
7/19/2019,0:12:00,60.0021,13.55027601078167,2.0,6617.817224305503
7/19/2019,0:14:00,60.0021,13.55061874953201,2.0,6615.0605250093595
7/19/2019,0:16:00,60.0021,13.550905503144655,2.0,6614.0657
7/19/2019,0:18:00,60.0021,13.551,2.0,6614.553404327967
7/19/2019,0:20:00,60.00973638814016,13.550796001796947,2.0,6616.574965828093
7/19/2019,0:22:00,60.0103,13.550382247678945,2.0,6620.339946825397
7/19/2019,0:25:00,60.0103,13.550232497192063,2.0,6622.969173539982
7/19/2019,0:27:00,59.99510763701707,13.55023450134771,2.0,6619.523564869722
7/19/2019,0:29:00,59.9856,13.550735005615874,2.0,6616.231896780233
7/19/2019,0:31:00,59.9856,13.551033500561587,2.0,6613.924020215633
7/19/2019,0:33:00,59.9856,13.55126650194669,2.0,6613.2444
7/19/2019,0:35:00,59.9856,13.551167490266547,2.0,6614.20328680644
7/19/2019,0:37:00,60.00063605121294,13.550801999101528,2.0,6616.525707966457
7/19/2019,0:39:00,60.0021,13.5504,2.0,6621.037119916142
7/19/2019,0:42:00,59.98714672057501,13.5504,2.0,6622.016413080263
7/19/2019,0:44:00,59.9774,13.550445758143017,2.0,6617.719542198263
7/19/2019,0:46:00,59.969919123923624,13.551025022461815,2.0,6613.952715469861
7/19/2019,0:48:00,59.9691,13.551429514824797,2.0,6611.949657102209
7/19/2019,0:50:00,59.976539300688835,13.5516,2.0,6611.6016
7/19/2019,0:52:00,59.9856,13.55157150131037,2.0,6612.194126078168
7/19/2019,0:54:00,59.9856,13.551271988019469,2.0,6614.568836919737
7/19/2019,0:56:00,59.9856,13.550872489704231,2.0,6618.640562223887
7/19/2019,0:59:00,59.9856,13.550636497716553,2.0,6621.4579
7/19/2019,1:01:00,59.97421486334706,13.550639757412398,2.0,6618.485395979033
7/19/2019,1:03:00,59.96187373465109,13.551152010482966,2.0,6613.993807613985
7/19/2019,1:05:00,59.9609,13.551425501647199,2.0,6611.957872102426
7/19/2019,1:07:00,59.9609,13.5516,2.0,6611.342911239236
7/19/2019,1:09:00,59.9691,13.5516,2.0,6611.706335265049
7/19/2019,1:11:00,59.9691,13.55141399371069,2.0,6613.963200891119
7/19/2019,1:13:00,59.9774,13.550964734950584,2.0,6618.524565690753
7/19/2019,1:16:00,59.9774,13.550638499550763,2.0,6621.0472
7/19/2019,1:18:00,59.9691,13.550645013477089,2.0,6619.018300688828
7/19/2019,1:20:00,59.9691,13.551244031750786,2.0,6614.098502740341
7/19/2019,1:22:00,59.9691,13.551621503444146,2.0,6610.641658490566
7/19/2019,1:24:00,59.9691,13.551921003369523,2.0,6609.29774039988
7/19/2019,1:26:00,59.98030094339623,13.552,2.0,6609.225893141659
7/19/2019,1:28:00,59.9856,13.551879988021263,2.0,6611.201202096593
7/19/2019,1:31:00,59.99135449236298,13.551561003369525,2.0,6615.139699670512
7/19/2019,1:33:00,60.0021,13.5512,2.0,6619.076152182377
7/19/2019,1:35:00,59.996427854736055,13.551,2.0,6619.534940965929
7/19/2019,1:37:00,59.978701587301586,13.551176999101527,2.0,6614.741270687331
7/19/2019,1:39:00,59.9774,13.551635010482181,2.0,6611.000972866127
7/19/2019,1:41:00,59.9774,13.552,2.0,6608.895288230009
7/19/2019,1:43:00,59.9774,13.5522,2.0,6609.1376
7/19/2019,1:45:00,59.984216142557656,13.552083998502432,2.0,6609.858349981281
7/19/2019,1:48:00,59.991024640610966,13.551784500187196,2.0,6612.626312234202
7/19/2019,1:50:00,60.0021,13.551369991015275,2.0,6616.792598599777
7/19/2019,1:52:00,59.99675773118681,13.5512,2.0,6619.719721153126
7/19/2019,1:54:00,59.978865513626836,13.551257000598982,2.0,6616.221697753817
7/19/2019,1:56:00,59.9774,13.551627014076072,2.0,6611.863315161725
7/19/2019,1:58:00,59.9774,13.552113006364657,2.0,6608.788406701107
7/19/2019,2:00:00,59.9774,13.552312503743636,2.0,6607.522629949086
7/19/2019,2:02:00,59.984052216232406,13.5525,2.0,6607.9055
7/19/2019,2:05:00,60.0021,13.552282748034445,2.0,6609.676669684039
7/19/2019,2:07:00,60.0021,13.551777987421383,2.0,6613.21153105204
7/19/2019,2:09:00,60.0021,13.5513,2.0,6617.421953822538
7/19/2019,2:11:00,60.0021,13.5513,2.0,6617.443498427672
7/19/2019,2:13:00,59.983150131037064,13.551619017669962,2.0,6612.661155574691
7/19/2019,2:15:00,59.9774,13.552272499251274,2.0,6608.193008101227
7/19/2019,2:17:00,59.9774,13.552604253088731,2.0,6605.402442460318
7/19/2019,2:19:00,59.9774,13.552808011380652,2.0,6604.62
7/19/2019,2:22:00,59.9856,13.552892497753819,2.0,6605.476430617747
7/19/2019,2:24:00,59.998572933513024,13.552592998876825,2.0,6607.371752845163
7/19/2019,2:26:00,60.004426894279725,13.552187001123174,2.0,6611.314239398024
7/19/2019,2:28:00,60.0103,13.551693995208147,2.0,6615.574980531636
7/19/2019,2:30:00,59.99750026207413,13.551611021263852,2.0,6615.985640531635
7/19/2019,2:32:00,59.97923450134771,13.552105001497454,2.0,6610.270959284217
7/19/2019,2:34:00,59.9774,13.552504507337526,2.0,6606.628238424678
7/19/2019,2:36:00,59.9774,13.552804005990266,2.0,6604.815126924229
7/19/2019,2:39:00,59.9774,13.5529,2.0,6604.218653563941
7/19/2019,2:41:00,59.983683372014674,13.5529,2.0,6605.047204605017
7/19/2019,2:43:00,59.9856,13.552596248596032,2.0,6607.545476813656
7/19/2019,2:45:00,59.99816125046799,13.552044983528003,2.0,6611.850159670536
7/19/2019,2:47:00,60.0021,13.551798502321402,2.0,6616.113964327967
7/19/2019,2:49:00,59.98962059308072,13.5516,2.0,6613.823267235699
7/19/2019,2:51:00,59.9774,13.55200131017444,2.0,6609.122223333832
7/19/2019,2:53:00,59.9774,13.5526,2.0,6606.04712308153
7/19/2019,2:56:00,59.9774,13.552899505803069,2.0,6603.7988
7/19/2019,2:58:00,59.9774,13.553,2.0,6603.7988
7/19/2019,3:00:00,59.979399041629236,13.552900748727163,2.0,6605.027755746913
7/19/2019,3:02:00,59.9856,13.552601999251216,2.0,6608.3039802396115
7/19/2019,3:04:00,60.0021,13.552006251871818,2.0,6611.993851362685
7/19/2019,3:06:00,60.0021,13.551702994908656,2.0,6615.096504462748
7/19/2019,3:08:00,59.98368308498689,13.5516,2.0,6611.642681049716
7/19/2019,3:10:00,59.9774,13.55239200359389,2.0,6607.33254881701
7/19/2019,3:13:00,59.9774,13.552697753650317,2.0,6604.238059610632
7/19/2019,3:15:00,59.9774,13.552947502807937,2.0,6602.9774
7/19/2019,3:17:00,59.9774,13.553,2.0,6603.378874241857
7/19/2019,3:19:00,59.983314240790655,13.552858996630476,2.0,6604.989728625983
7/19/2019,3:21:00,59.9856,13.55260324947589,2.0,6608.647905420785
7/19/2019,3:23:00,59.9856,13.552253496555855,2.0,6611.383986611756
7/19/2019,3:25:00,59.98384715483677,13.5522,2.0,6609.615021488469
7/19/2019,3:27:00,59.9774,13.552784007187782,2.0,6604.486598277927
7/19/2019,3:30:00,59.9774,13.553191508798204,2.0,6601.411725561545
7/19/2019,3:32:00,59.9774,13.553391000299492,2.0,6600.956841239892
7/19/2019,3:34:00,59.97907070011232,13.5535,2.0,6601.299826634219
7/19/2019,3:36:00,59.99717075471698,13.553254998128041,2.0,6602.679700074873
7/19/2019,3:38:00,60.0021,13.552915745732255,2.0,6606.537029779109
7/19/2019,3:40:00,60.0021,13.5525,2.0,6610.287545750656
7/19/2019,3:42:00,59.998902785265045,13.5525,2.0,6610.4127118149145
7/19/2019,3:44:00,59.9799315312617,13.552732008086252,2.0,6605.576970887307
7/19/2019,3:47:00,59.9774,13.552993755147886,2.0,6602.661158939803
7/19/2019,3:49:00,59.983027523210545,13.553243504305504,2.0,6601.7454
7/19/2019,3:51:00,59.98863290655885,13.5533,2.0,6602.130452392363
7/19/2019,3:53:00,60.007686388140165,13.553113994758517,2.0,6604.0493895919135
7/19/2019,3:55:00,60.0103,13.552721743036837,2.0,6607.739277777779
7/19/2019,3:57:00,60.0103,13.55265749475891,2.0,6610.016419475852
7/19/2019,3:59:00,60.0021,13.5526,2.0,6606.500922491763
7/19/2019,4:01:00,60.0021,13.553026010781672,2.0,6602.925997379454
7/19/2019,4:04:00,60.0021,13.553291749026656,2.0,6600.608694339198
7/19/2019,4:06:00,60.0021,13.5535,2.0,6600.340833243486
7/19/2019,4:08:00,60.00344282291277,13.5535,2.0,6600.856234755915
7/19/2019,4:10:00,60.0103,13.553176985850117,2.0,6603.65911097634
7/19/2019,4:12:00,60.0103,13.55272774241857,2.0,6606.868686289779
7/19/2019,4:14:00,60.0103,13.5527,2.0,6609.211487257618
7/19/2019,4:16:00,59.999562488769094,13.5527,2.0,6605.372595844253
7/19/2019,4:19:00,59.9856,13.55312,2.0,6601.0800788244105
7/19/2019,4:21:00,59.9856,13.553479499850255,2.0,6598.620137421383
7/19/2019,4:23:00,59.9856,13.5537,2.0,6598.46
7/19/2019,4:25:00,60.0021,13.5537,2.0,6598.828513192573
7/19/2019,4:27:00,60.00735853548967,13.553421997604072,2.0,6600.913944426145
7/19/2019,4:29:00,60.0103,13.553033720233639,2.0,6605.0884824784725
7/19/2019,4:31:00,60.0103,13.552661497566454,2.0,6608.225855840072
7/19/2019,4:33:00,59.99989234052111,13.5526,2.0,6607.268840759323
7/19/2019,4:36:00,59.98042373465109,13.55301400224635,2.0,6602.755620524148
7/19/2019,4:38:00,59.9774,13.5532877508236,2.0,6600.658041307277
7/19/2019,4:40:00,59.9774,13.5535,2.0,6600.1027
7/19/2019,4:42:00,59.978414869721476,13.5535,2.0,6600.463004881701
7/19/2019,4:44:00,59.9856,13.553188993710693,2.0,6602.926164368075
7/19/2019,4:46:00,60.0021,13.55273973792587,2.0,6606.717639323151
7/19/2019,4:48:00,59.99193142407906,13.552663499550764,2.0,6608.271034171908
7/19/2019,4:50:00,59.9774,13.552686252339948,2.0,6604.288384492697
7/19/2019,4:53:00,59.9774,13.553236001497567,2.0,6600.995899775382
7/19/2019,4:55:00,59.9774,13.553471503444145,2.0,6599.692
7/19/2019,4:57:00,59.982371203953285,13.5535,2.0,6599.576952302509
7/19/2019,4:59:00,59.987312264150944,13.5535,2.0,6600.806978893382
7/19/2019,5:01:00,60.0021,13.553194991015275,2.0,6603.295617656309
7/19/2019,5:03:00,60.0021,13.552660980906028,2.0,6607.070854402516
7/19/2019,5:05:00,60.0021,13.5526,2.0,6608.295663102725
7/19/2019,5:07:00,59.9774,13.552852759266193,2.0,6604.710281916884
7/19/2019,5:10:00,59.97249246031746,13.55323400224635,2.0,6600.767946361186
7/19/2019,5:12:00,59.9691,13.55346750524109,2.0,6598.654001946836
7/19/2019,5:14:00,59.9691,13.5535,2.0,6598.188947225758
7/19/2019,5:16:00,59.9691,13.5535,2.0,6599.147776519917
7/19/2019,5:18:00,59.97392462748035,13.553266996106618,2.0,6601.338787338075
7/19/2019,5:20:00,59.9774,13.552786222388619,2.0,6605.370615730759
7/19/2019,5:22:00,59.9774,13.552667497753818,2.0,6608.180653009883
7/19/2019,5:24:00,59.96849520778734,13.5526,2.0,6604.846773141146
7/19/2019,5:27:00,59.9609,13.553028002395926,2.0,6600.667266374663
7/19/2019,5:29:00,59.9609,13.553463504305503,2.0,6598.267914975664
7/19/2019,5:31:00,59.9609,13.553563012878106,2.0,6597.507105540581
7/19/2019,5:33:00,59.9609,13.5537,2.0,6597.563574339199
7/19/2019,5:35:00,59.96550221623241,13.553438000748782,2.0,6599.517553219527
7/19/2019,5:37:00,59.9691,13.553057731186822,2.0,6602.9261273734655
7/19/2019,5:39:00,59.9691,13.5527,2.0,6606.3901154623745
7/19/2019,5:41:00,59.96001713087751,13.5527,2.0,6605.346916735305
7/19/2019,5:44:00,59.9445,13.55306000299491,2.0,6601.529701527518
7/19/2019,5:46:00,59.9445,13.553279752901535,2.0,6599.443396428572
7/19/2019,5:48:00,59.9445,13.5535,2.0,6598.8706
7/19/2019,5:50:00,59.9609,13.5535,2.0,6599.853235499813
7/19/2019,5:52:00,59.965338571535526,13.55321299236184,2.0,6601.2402602396105
7/19/2019,5:54:00,59.9691,13.552921247286067,2.0,6604.930413740172
7/19/2019,5:56:00,59.96470251591164,13.5527,2.0,6605.137477265238
7/19/2019,5:58:00,59.9445,13.552934748427674,2.0,6600.800758336453
7/19/2019,6:01:00,59.94014365406215,13.553356004791853,2.0,6597.698101684636
7/19/2019,6:03:00,59.9363,13.553655518945634,2.0,6596.495907651992
7/19/2019,6:05:00,59.94061578947368,13.553644998502545,2.0,6596.932205840072
7/19/2019,6:07:00,59.9609,13.5535,2.0,6598.505254859968
7/19/2019,6:09:00,59.9609,13.553218996630475,2.0,6601.006209598682
7/19/2019,6:11:00,59.9609,13.553,2.0,6604.657118038189
7/19/2019,6:13:00,59.952433542976934,13.553,2.0,6603.211411486334
7/19/2019,6:15:00,59.9363,13.553228751123092,2.0,6598.306832884096
7/19/2019,6:18:00,59.9363,13.553552006588799,2.0,6596.18893361288
7/19/2019,6:20:00,59.9363,13.553851508798203,2.0,6595.5852
7/19/2019,6:22:00,59.9363,13.5538489967056,2.0,6595.905560587003
7/19/2019,6:24:00,59.93633070011232,13.553549494571321,2.0,6598.37274083115
7/19/2019,6:26:00,59.9445,13.553224994384125,2.0,6600.626350823601
7/19/2019,6:28:00,59.9445,13.553,2.0,6604.6284526769
7/19/2019,6:30:00,59.932230697813715,13.5529,2.0,6604.209388498689
7/19/2019,6:32:00,59.9281,13.553122753818508,2.0,6599.596403054807
7/19/2019,6:35:00,59.9281,13.5535,2.0,6596.515357693747
7/19/2019,6:37:00,59.9281,13.553647499251273,2.0,6595.5852
7/19/2019,6:39:00,59.9320873305878,13.5537,2.0,6596.1930464360585
7/19/2019,6:41:00,59.9363,13.553553493073755,2.0,6597.725869137466
7/19/2019,6:43:00,59.95239302186284,13.553430997304583,2.0,6600.367627680444
7/19/2019,6:45:00,59.9609,13.55305449644328,2.0,6604.371738584801
7/19/2019,6:47:00,59.95308924827792,13.55292250093598,2.0,6604.369593171608
7/19/2019,6:49:00,59.93651490078622,13.553216756513926,2.0,6599.467121520029
7/19/2019,6:52:00,59.9363,13.553544010182689,2.0,6596.539988468739
7/19/2019,6:54:00,59.9442439802336,13.553915251572327,2.0,6594.9917929170415
7/19/2019,6:56:00,59.9445,13.554,2.0,6595.264874910153
7/19/2019,6:58:00,59.96030569032645,13.553928745788095,2.0,6596.469166457024
7/19/2019,7:00:00,59.96468258460617,13.55345799326095,2.0,6599.400466367177
7/19/2019,7:02:00,59.9691,13.553087735849058,2.0,6603.090475035568
7/19/2019,7:04:00,59.96535855046421,13.553,2.0,6603.864377648821
7/19/2019,7:07:00,59.945257678771995,13.553210759209344,2.0,6600.242053773584
7/19/2019,7:09:00,59.94079968553459,13.5535,2.0,6597.301739326095
7/19/2019,7:11:00,59.9363,13.553639513290902,2.0,6595.9959
7/19/2019,7:13:00,59.939959793351306,13.5537,2.0,6596.65298
7/19/2019,7:15:00,59.9445,13.553561500449236,2.0,6598.7843924148265
7/19/2019,7:17:00,59.9609,13.553280997304583,2.0,6600.663391337228
7/19/2019,7:19:00,59.9609,13.553062493448147,2.0,6603.546217654986
7/19/2019,7:21:00,59.95374495357891,13.553055503144655,2.0,6601.453741374662
7/19/2019,7:24:00,59.936843351302784,13.553573026808447,2.0,6596.765850527892
7/19/2019,7:26:00,59.9363,13.553918000748784,2.0,6594.201232389936
7/19/2019,7:28:00,59.94391608386372,13.554135504642108,2.0,6593.5318
7/19/2019,7:30:00,59.951490506139564,13.55416499925116,2.0,6594.238198300263
7/19/2019,7:32:00,59.9609,13.553798240622895,2.0,6596.976358408207
7/19/2019,7:34:00,59.9691,13.553448989218328,2.0,6599.640570188709
7/19/2019,7:36:00,59.9691,13.5532,2.0,6602.439467095905
7/19/2019,7:38:00,59.954072806229405,13.553249505840071,2.0,6601.186763926325
7/19/2019,7:41:00,59.9445,13.5535,2.0,6596.815114077123
7/19/2019,7:43:00,59.9445,13.553732005391643,2.0,6594.696126504941
7/19/2019,7:45:00,59.9445,13.553965755783485,2.0,6594.081101639835
7/19/2019,7:47:00,59.9609,13.553984500187196,2.0,6594.4846301407815
7/19/2019,7:49:00,59.9609,13.553769496855345,2.0,6596.794722505055
7/19/2019,7:51:00,59.9691,13.553424977538185,2.0,6600.484615387496
7/19/2019,7:53:00,59.9691,13.552805750224618,2.0,6604.710475157232
7/19/2019,7:55:00,59.9691,13.5526,2.0,6606.303774303682
7/19/2019,7:58:00,59.9691,13.552792759266191,2.0,6602.613961844863
7/19/2019,8:00:00,59.9691,13.553214001197963,2.0,6600.334610444744
7/19/2019,8:02:00,59.9691,13.5533,2.0,6599.2812
7/19/2019,8:04:00,59.97230602725367,13.5533,2.0,6599.39621984127
7/19/2019,8:06:00,59.98464706851367,13.553236747529201,2.0,6601.673534593786
7/19/2019,8:08:00,59.991890655884994,13.552861003369523,2.0,6604.131453837514
7/19/2019,8:10:00,60.00930593036316,13.5523489967056,2.0,6608.600611320756
7/19/2019,8:12:00,60.00721463871209,13.552174992512727,2.0,6611.95891361288
7/19/2019,8:15:00,59.98768288409703,13.552124507675027,2.0,6609.282266808924
7/19/2019,8:17:00,59.9856,13.552524004192872,2.0,6605.236101003294
7/19/2019,8:19:00,59.9856,13.5527,2.0,6603.543123489329
7/19/2019,8:21:00,59.9856,13.5527,2.0,6603.48667321803
7/19/2019,8:23:00,59.9856,13.5527,2.0,6604.7166321827035
7/19/2019,8:25:00,60.0021,13.552467001123174,2.0,6607.3676037888445
7/19/2019,8:27:00,60.0021,13.551835489667566,2.0,6611.560656940702
7/19/2019,8:29:00,60.0021,13.5516,2.0,6616.028749075253
7/19/2019,8:32:00,59.98801273584905,13.5516,2.0,6613.800716816411
7/19/2019,8:34:00,59.9774,13.551620005989818,2.0,6610.607740244085
7/19/2019,8:36:00,59.9774,13.55191950580307,2.0,6608.6426688281545
7/19/2019,8:38:00,59.9802395477688,13.5522,2.0,6608.35728230009
7/19/2019,8:40:00,59.999522763010106,13.55208149146451,2.0,6609.708460913516
7/19/2019,8:42:00,60.00489862223886,13.551781985624439,2.0,6612.207415282666
7/19/2019,8:44:00,60.0103,13.55148249475891,2.0,6616.01243971249
7/19/2019,8:46:00,60.0103,13.5513,2.0,6617.502870372865
7/19/2019,8:49:00,60.00346308498689,13.551474752920036,2.0,6613.680614937107
7/19/2019,8:51:00,60.0021,13.551632017970798,2.0,6611.121191763384
7/19/2019,8:53:00,60.0021,13.552,2.0,6609.891184755915
7/19/2019,8:55:00,60.00477582178959,13.552,2.0,6610.024556907526
7/19/2019,8:57:00,60.017054855132145,13.551885496068888,2.0,6611.966220649896
7/19/2019,8:59:00,60.0185,13.5515719955073,2.0,6615.862593321855
7/19/2019,9:01:00,60.0185,13.5512,2.0,6618.4671442156505
7/19/2019,9:03:00,60.0103,13.551212999850232,2.0,6617.589285323849
7/19/2019,9:06:00,60.0103,13.551512510294227,2.0,6613.899131823287
7/19/2019,9:08:00,60.00774759266192,13.551612009583708,2.0,6611.6016
7/19/2019,9:10:00,60.0021,13.551688499550764,2.0,6611.832639889197
7/19/2019,9:16:57,59.98,5.4991,1.0,6615.1
7/19/2019,9:24:00,59.9774,13.4596,2.0,7247.81197386288
7/19/2019,9:26:00,59.9774,13.461087400177462,2.0,7244.2505
7/19/2019,9:28:00,59.9774,13.461987400177462,2.0,7242.4025
7/19/2019,9:30:00,59.974818105169746,13.46259332149989,2.0,7240.517860394942
7/19/2019,9:32:00,59.9609,13.4636,2.0,7233.203467080744
7/19/2019,9:34:00,59.9445,13.46535551364544,2.0,7228.1041978921685
7/19/2019,9:36:00,59.9445,13.466124428666518,2.0,7225.252133570002
7/19/2019,9:39:00,59.9445,13.466605922803904,2.0,7224.982919254659
7/19/2019,9:41:00,59.95263815439218,13.466899245785271,2.0,7224.538
7/19/2019,9:43:00,59.9609,13.467293322981366,2.0,7224.538
7/19/2019,9:45:00,59.9445,13.467674062569337,2.0,7222.833724561792
7/19/2019,9:47:00,59.929679232305304,13.469026669625029,2.0,7214.633734671695
7/19/2019,9:49:00,59.9281,13.470448890860691,2.0,7209.183193456079
7/19/2019,9:51:00,59.9281,13.471136291038155,2.0,7206.0575
7/19/2019,9:53:00,59.9281,13.4716,2.0,7204.8255
7/19/2019,9:56:00,59.9281,13.471755555555555,2.0,7204.8255
7/19/2019,9:58:00,59.9363,13.4719,2.0,7204.955479143554
7/19/2019,10:00:00,59.9363,13.471757044597293,2.0,7207.68869622809
7/19/2019,10:02:00,59.9445,13.471426669625027,2.0,7211.65408056788
7/19/2019,10:04:00,59.9363,13.4716607364685,2.0,7210.342270807454
7/19/2019,10:06:00,59.9281,13.472648136645962,2.0,7204.8757857142855
7/19/2019,10:08:00,59.9281,13.47331777629827,2.0,7202.9774
7/19/2019,10:10:00,59.9363,13.4735,2.0,7202.9774
7/19/2019,10:13:00,59.93672391834924,13.473605169735965,2.0,7202.9774
7/19/2019,10:15:00,59.9445,13.4737,2.0,7204.029163975155
7/19/2019,10:17:00,59.9445,13.473507410694475,2.0,7206.235398602484
7/19/2019,10:19:00,59.9445,13.473472582076308,2.0,7206.931309072759
7/19/2019,10:21:00,59.9363,13.474259982253772,2.0,7204.198055868649
7/19/2019,10:23:00,59.9363,13.474423696472154,2.0,7203.5934
7/19/2019,10:25:00,59.94182731306856,13.4745,2.0,7204.759337940981
7/19/2019,10:28:00,59.94632303084092,13.4744,2.0,7205.644555900621
7/19/2019,10:30:00,59.9609,13.474345186335404,2.0,7208.3777165520305
7/19/2019,10:32:00,59.9609,13.474397027506654,2.0,7208.270597648624
7/19/2019,10:34:00,59.9445,13.47534221384206,2.0,7202.804132919255
7/19/2019,10:36:00,59.9445,13.47598591393079,2.0,7200.5133
7/19/2019,10:38:00,59.94935777679165,13.4762,2.0,7199.8973
7/19/2019,10:40:00,59.9609,13.4762,2.0,7200.5133
7/19/2019,10:42:00,59.96229698314108,13.47618296362023,2.0,7202.3614
7/19/2019,10:45:00,59.9691,13.475839250055468,2.0,7204.718215505768
7/19/2019,10:47:00,59.9691,13.475704437541602,2.0,7206.511538606612
7/19/2019,10:49:00,59.9445,13.476544409937887,2.0,7200.451975976042
7/19/2019,10:51:00,59.9445,13.477291836734693,2.0,7196.732870734413
7/19/2019,10:53:00,59.9445,13.4777,2.0,7196.2012
7/19/2019,10:55:00,59.9445,13.4776,2.0,7196.824033407276
7/19/2019,10:57:00,59.9609,13.477377040816325,2.0,7198.6653
7/19/2019,10:59:00,59.9609,13.4772,2.0,7201.058726891502
7/19/2019,11:02:00,59.9691,13.47677927668072,2.0,7205.222407921011
7/19/2019,11:04:00,59.9609,13.476808142888839,2.0,7203.890011604171
7/19/2019,11:06:00,59.9445,13.4776977812292,2.0,7198.6653
7/19/2019,11:08:00,59.9445,13.478141481810114,2.0,7197.4333
7/19/2019,11:10:00,59.9445,13.47811482138895,2.0,7197.519933540371
7/19/2019,11:12:00,59.9609,13.477642236024845,2.0,7202.3614
7/19/2019,11:14:00,59.9445,13.47767258815702,2.0,7201.77969053005
7/19/2019,11:16:00,59.9363,13.478532571555359,2.0,7196.3471378881995
7/19/2019,11:19:00,59.9363,13.479160004436558,2.0,7193.1211
7/19/2019,11:21:00,59.9363,13.4794,2.0,7192.5051
7/19/2019,11:23:00,59.9445,13.479352595385981,2.0,7193.1211
7/19/2019,11:25:00,59.9445,13.4792,2.0,7194.9691
7/19/2019,11:27:00,59.9609,13.4788,2.0,7198.3982937888195
7/19/2019,11:29:00,59.9609,13.4783,2.0,7202.3614
7/19/2019,11:31:00,59.95725676875279,13.478566644474034,2.0,7200.241860905258
7/19/2019,11:33:00,59.9445,13.479365919680497,2.0,7195.660491925467
7/19/2019,11:36:00,59.9445,13.479809627329193,2.0,7193.7372
7/19/2019,11:38:00,59.95324569653948,13.479846672582076,2.0,7194.3532
7/19/2019,11:40:00,59.9609,13.479602972493344,2.0,7196.317511515421
7/19/2019,11:42:00,59.9774,13.479259263368094,2.0,7199.436427579321
7/19/2019,11:44:00,59.9774,13.478831107166629,2.0,7203.5934
7/19/2019,11:46:00,59.97506487685823,13.4788,2.0,7202.6694
7/19/2019,11:48:00,59.9691,13.479471843798535,2.0,7198.7041097625915
7/19/2019,11:50:00,59.9691,13.4799,2.0,7196.8172
7/19/2019,11:53:00,59.9691,13.48,2.0,7196.8172
7/19/2019,11:55:00,59.9691,13.479797049034834,2.0,7198.2021040825375
7/19/2019,11:57:00,59.9691,13.47940667850011,2.0,7200.93542487242
7/19/2019,11:59:00,59.9774,13.478819258930553,2.0,7205.592083850931
7/19/2019,12:01:00,59.9774,13.478634072759538,2.0,7206.944971450755
7/19/2019,12:03:00,59.9691,13.4791,2.0,7203.595722981366
7/19/2019,12:05:00,59.9691,13.4794,2.0,7202.9774
7/19/2019,12:07:00,59.97450936113576,13.4794,2.0,7202.9774
7/19/2019,12:10:00,59.9774,13.4791,2.0,7205.014796649656
7/19/2019,12:12:00,59.9856,13.478647415132016,2.0,7209.596148923896
7/19/2019,12:14:00,59.9856,13.478596294652762,2.0,7209.53002905945
7/19/2019,12:16:00,59.9774,13.479139995563443,2.0,7206.292478931027
7/19/2019,12:18:00,59.9774,13.47948369926813,2.0,7204.8255
7/19/2019,12:20:00,59.9774,13.479472598180609,2.0,7205.12899068323
7/19/2019,12:22:00,59.9856,13.479228888395829,2.0,7207.246080652318
7/19/2019,12:24:00,60.0021,13.478785200798757,2.0,7211.2113892167745
7/19/2019,12:27:00,60.0021,13.478558508986023,2.0,7211.722578145108
7/19/2019,12:29:00,59.9856,13.479102218278616,2.0,7208.373239130435
7/19/2019,12:31:00,59.9856,13.479445918367347,2.0,7207.2894
7/19/2019,12:33:00,59.9856,13.4796,2.0,7206.744165845539
7/19/2019,12:35:00,59.9856,13.47936667406257,2.0,7207.969283004215
7/19/2019,12:37:00,60.00841734693878,13.478845918367346,2.0,7212.20403126248
7/19/2019,12:39:00,60.00859924578527,13.4784,2.0,7214.6817
7/19/2019,12:42:00,60.0021,13.478928881987576,2.0,7212.2177
7/19/2019,12:44:00,60.0021,13.4792,2.0,7210.3696
7/19/2019,12:46:00,60.0021,13.4793,2.0,7210.3696
7/19/2019,12:48:00,60.0103,13.4791,2.0,7211.199925804305
7/19/2019,12:50:00,60.013518504548486,13.478721499889062,2.0,7215.4345740625695
7/19/2019,12:52:00,60.01169729309962,13.4784,2.0,7216.470477679165
7/19/2019,12:54:00,60.0021,13.4791,2.0,7212.534803793256
7/19/2019,12:56:00,60.0021,13.479470363797693,2.0,7210.3696
7/19/2019,12:59:00,60.0021,13.479585932993121,2.0,7210.3696
7/19/2019,13:01:00,60.0021,13.479342223208343,2.0,7211.966741979143
7/19/2019,13:03:00,60.0103,13.4788,2.0,7214.969016862658
7/19/2019,13:05:00,60.0021,13.4788,2.0,7214.884709320906
7/19/2019,13:07:00,59.9856,13.479288883958287,2.0,7212.2177
7/19/2019,13:09:00,59.9856,13.4796,2.0,7210.9856
7/19/2019,13:11:00,59.9856,13.4796,2.0,7210.9856
7/19/2019,13:13:00,60.0021,13.479280008875083,2.0,7213.091413312624
7/19/2019,13:16:00,60.0021,13.479,2.0,7215.2977
7/19/2019,13:18:00,60.000877506654824,13.4791,2.0,7214.6817
7/19/2019,13:20:00,59.9774,13.479451119982258,2.0,7211.768161521401
7/19/2019,13:22:00,59.9691,13.480194809228038,2.0,7206.981553305234
7/19/2019,13:24:00,59.9609,13.4809,2.0,7202.9774
7/19/2019,13:26:00,59.9609,13.4809,2.0,7202.3614
7/19/2019,13:28:00,59.9691,13.480874084757044,2.0,7203.271664033725
7/19/2019,13:30:00,59.9691,13.480530374972265,2.0,7204.8255
7/19/2019,13:33:00,59.9691,13.480713331854481,2.0,7203.992679503105
7/19/2019,13:35:00,59.9609,13.481014063886423,2.0,7202.3614
7/19/2019,13:37:00,59.9691,13.481098535286284,2.0,7202.3614
7/19/2019,13:39:00,59.9774,13.480855558020856,2.0,7204.617901086956
7/19/2019,13:41:00,59.9774,13.4803,2.0,7207.9055
7/19/2019,13:43:00,59.9774,13.480631839360996,2.0,7206.0575
7/19/2019,13:45:00,59.9774,13.4809,2.0,7204.8255
7/19/2019,13:48:01,60.0,5.48156,1.0,7209.2
7/19/2019,17:02:00,60.132185341824425,13.3676,2.0,7915.204129694667
7/19/2019,17:04:00,60.11922801273664,13.367694579044436,2.0,7915.463087118334
7/19/2019,17:06:00,60.11057807342486,13.367789158088874,2.0,7915.722044542001
7/19/2019,17:08:00,60.10282259178108,13.36788373713331,2.0,7915.980981281231
7/19/2019,17:10:00,60.09506711013729,13.368526529421965,2.0,7916.239907178549
7/19/2019,17:12:00,60.08220257255,13.369283161777457,2.0,7916.498833075869
7/19/2019,17:14:00,60.0666600829143,13.370039794132946,2.0,7916.757774236668
7/19/2019,17:16:00,60.05111759327858,13.370486159933165,2.0,7917.016731660336
7/19/2019,17:19:00,60.036841972603604,13.370769897066474,2.0,7917.275689084002
7/19/2019,17:21:00,60.02391616986396,13.371053634199782,2.0,7917.534646507669
7/19/2019,17:23:00,60.01099036712432,13.37162737748073,2.0,7917.793603931335
7/19/2019,17:25:00,59.999668896104914,13.372510115228803,2.0,7918.052561355003
7/19/2019,17:27:00,59.99188188811299,13.373392852976876,2.0,7918.347833135768
7/19/2019,17:29:00,59.98409488012106,13.374,2.0,7918.865716456754
7/19/2019,17:31:00,59.97667044089598,13.374,2.0,7919.38359977774
7/19/2019,17:33:00,59.97146859345198,13.374,2.0,7919.901483098725
7/19/2019,17:36:00,59.96626674600798,13.37408400983622,2.0,7919.9179
7/19/2019,17:38:00,59.961064898563976,13.374683010450985,2.0,7919.9179
7/19/2019,17:40:00,59.958396789041444,13.375282011065748,2.0,7919.9179
7/19/2019,17:42:00,59.955811628493514,13.375881011680512,2.0,7920.330316382667
7/19/2019,17:44:00,59.95322646794558,13.375961053925819,2.0,7920.848199703652
7/19/2019,17:46:00,59.94858261479531,13.37602410662211,2.0,7921.366083024638
7/19/2019,17:48:00,59.94341229369946,13.3760871593184,2.0,7921.5606
7/19/2019,17:50:00,59.938241972603606,13.376426378095493,2.0,7921.5606
7/19/2019,17:53:00,59.9363,13.376836220621383,2.0,7921.5606
7/19/2019,17:55:00,59.9363,13.377246063147275,2.0,7921.677751022242
7/19/2019,17:57:00,59.9363,13.377439370103565,2.0,7921.93667691956
7/19/2019,17:59:00,59.9363,13.377502422799855,2.0,7922.19560281688
7/19/2019,18:01:00,59.9363,13.377565475496144,2.0,7922.527166271537
7/19/2019,18:03:00,59.9363,13.377742640962184,2.0,7923.045049592522
7/19/2019,18:05:00,59.937025137533695,13.378057904443638,2.0,7923.562932913507
7/19/2019,18:07:00,59.939610298081625,13.378373167925094,2.0,7923.996493593846
7/19/2019,18:10:00,59.94219545862955,13.378608843140656,2.0,7923.737567696528
7/19/2019,18:12:00,59.94506123835495,13.378640369488801,2.0,7923.478641799209
7/19/2019,18:14:00,59.95023155945081,13.378671895836947,2.0,7923.21971590189
7/19/2019,18:16:00,59.95540188054667,13.378723955295639,2.0,7922.9607604769935
7/19/2019,18:18:00,59.96057220164253,13.378944639732657,2.0,7922.701803053327
7/19/2019,18:20:00,59.96332126136919,13.379165324169675,2.0,7922.44284562966
7/19/2019,18:22:00,59.96590642191712,13.379386008606694,2.0,7922.183912312616
7/19/2019,18:24:00,59.96849158246504,13.379429527577674,2.0,7921.924986415296
7/19/2019,18:27:00,59.9691,13.37946105392582,2.0,7921.666060517978
7/19/2019,18:29:00,59.9691,13.379492580273965,2.0,7921.4070972493255
7/19/2019,18:31:00,59.9691,13.379644639732657,2.0,7921.1481082993105
7/19/2019,18:33:00,59.9691,13.37983379782153,2.0,7920.8891193492955
7/19/2019,18:35:00,59.9691,13.380022955910402,2.0,7920.630171910467
7/19/2019,18:37:00,59.9691,13.380174742666183,2.0,7920.371281620429
7/19/2019,18:39:00,59.970200953657,13.380300848058765,2.0,7920.112391330391
7/19/2019,18:41:00,59.97281759930643,13.380426953451346,2.0,7919.853484340863
7/19/2019,18:44:00,59.97543424495586,13.380526529003783,2.0,7919.594526917196
7/19/2019,18:46:00,59.9774,13.380589580706179,2.0,7919.335569493529
7/19/2019,18:48:00,59.9774,13.380652632408575,2.0,7919.076614491086
7/19/2019,18:50:00,59.9774,13.380715684358202,2.0,7918.817688593767
7/19/2019,18:52:00,59.977598540330085,13.380778737054493,2.0,7918.558762696449
7/19/2019,18:54:00,59.98018370087801,13.380841789750784,2.0,7918.2998367991295
7/19/2019,18:56:00,59.98276886142594,13.380907263670613,2.0,7918.040882375195
7/19/2019,18:58:00,59.98535402197386,13.38100184271505,2.0,7917.781924951529
7/19/2019,19:01:00,59.98793918252179,13.381096421759485,2.0,7917.5229675278615
7/19/2019,19:03:00,59.99052434306972,13.381191000803922,2.0,7917.264007112457
7/19/2019,19:05:00,59.993109503617646,13.381285579848358,2.0,7917.005045606735
7/19/2019,19:07:00,59.995717800056745,13.381380158892796,2.0,7916.7460841010125
7/19/2019,19:09:00,59.998334528200765,13.381474737937232,2.0,7916.487144861287
7/19/2019,19:11:00,60.00095125634478,13.38154621204956,2.0,7916.2282230453975
7/19/2019,19:13:00,60.0021,13.381609265739778,2.0,7915.969301229508
7/19/2019,19:15:00,60.0021,13.381672319429995,2.0,7915.609643388137
7/19/2019,19:18:00,60.0021,13.381717686002522,2.0,7915.091760067151
7/19/2019,19:20:00,60.003105627453145,13.38174921185372,2.0,7914.573876746165
7/19/2019,19:22:00,60.005690788001075,13.381780737704918,2.0,7914.05599342518
7/19/2019,19:24:00,60.008275948549,13.381849054997714,2.0,7913.538110104194
7/19/2019,19:26:00,60.0103,13.381975160390295,2.0,7913.020226783209
7/19/2019,19:28:00,60.0103,13.382101265782877,2.0,7912.514021020193
7/19/2019,19:30:00,60.0103,13.3822,2.0,7912.255063596526
7/19/2019,19:33:00,60.01041659074071,13.3822,2.0,7911.996106172859
7/19/2019,19:35:00,60.01300175128864,13.3822,2.0,7911.737148749193
7/19/2019,19:37:00,60.01558691183657,13.382208531029807,2.0,7911.478218852756
7/19/2019,19:39:00,60.018172072384495,13.38239768911868,2.0,7911.219292955438
7/19/2019,19:41:00,60.0185,13.382586847207554,2.0,7910.960367058119
7/19/2019,19:43:00,60.0185,13.382776005296426,2.0,7910.883
7/19/2019,19:45:00,60.0185,13.3828,2.0,7910.883
7/19/2019,19:47:00,60.0185,13.3828,2.0,7910.883
7/19/2019,19:50:00,60.0185,13.3828,2.0,7910.745946783524
7/19/2019,19:52:00,60.0185,13.382888425101278,2.0,7910.486989359857
7/19/2019,19:54:00,60.0185,13.38301453049386,2.0,7910.228031936191
7/19/2019,19:56:00,60.0185,13.383140635886443,2.0,7909.969074512524
7/19/2019,19:58:00,60.0185,13.383216685319756,2.0,7909.710117088857
7/19/2019,20:00:00,60.0185,13.383248211667901,2.0,7909.45115966519
7/19/2019,20:02:00,60.0185,13.383279738016046,2.0,7909.144210326455
7/19/2019,20:04:00,60.0185,13.38334505745677,2.0,7908.62632700547
7/19/2019,20:07:00,60.0185,13.383471162849352,2.0,7908.108443684484
7/19/2019,20:09:00,60.0185,13.383597268241934,2.0,7907.5975
7/19/2019,20:11:00,60.0185,13.3837,2.0,7907.5975
7/19/2019,20:13:00,60.0185,13.3837,2.0,7907.5975
7/19/2019,20:15:00,60.0185,13.3837,2.0,7907.5975
7/19/2019,20:17:00,60.0185,13.3837,2.0,7907.5975
7/19/2019,20:19:00,60.0185,13.3837,2.0,7907.5975
7/19/2019,20:21:00,60.0185,13.3837,2.0,7907.5975
7/19/2019,20:24:00,60.0185,13.3837,2.0,7907.5975
7/19/2019,20:26:00,60.0185,13.383859164564942,2.0,7907.5975
7/19/2019,20:28:00,60.0185,13.38404831967213,2.0,7907.5975
7/19/2019,20:30:00,60.0185,13.384237474779319,2.0,7907.5975
7/19/2019,20:32:00,60.0185,13.384342210627532,2.0,7907.5975
7/19/2019,20:34:00,60.0185,13.384405263323822,2.0,7907.5975
7/19/2019,20:36:00,60.0185,13.384468316020113,2.0,7907.5975
7/19/2019,20:38:00,60.0185,13.384515684358202,2.0,7907.5975
7/19/2019,20:41:00,60.0185,13.384547210706348,2.0,7907.5975
7/19/2019,20:43:00,60.0185,13.384578737054493,2.0,7907.5975
7/19/2019,20:45:00,60.0185,13.384620526805278,2.0,7907.5975
7/19/2019,20:47:00,60.0185,13.38468357950157,2.0,7907.5975
7/19/2019,20:49:00,60.0185,13.38474663219786,2.0,7907.5975
7/19/2019,20:51:00,60.0185,13.384809684894151,2.0,7907.343325392897
7/19/2019,20:53:00,60.0185,13.384872737590442,2.0,7907.0843994955785
7/19/2019,20:55:00,60.0185,13.384935790286733,2.0,7906.82547359826
7/19/2019,20:58:00,60.0185,13.384998842983023,2.0,7906.7762
7/19/2019,21:00:00,60.0185,13.385,2.0,7906.7762
7/19/2019,21:02:00,60.01431359100869,13.385,2.0,7906.7762
7/19/2019,21:04:00,60.009143269912826,13.385,2.0,7906.7762
7/19/2019,21:06:00,60.00397294881697,13.385,2.0,7906.7762
7/19/2019,21:08:00,60.0021,13.385,2.0,7906.7762
7/19/2019,21:10:00,60.0021,13.385,2.0,7906.6555776320565
7/19/2019,21:12:00,60.0021,13.385,2.0,7906.396620208389
7/19/2019,21:15:00,60.00088114724381,13.385,2.0,7906.137662784723
7/19/2019,21:17:00,59.998264460347734,13.385,2.0,7905.9548
7/19/2019,21:19:00,59.995647773451665,13.385014684972965,2.0,7905.9548
7/19/2019,21:21:00,59.99304035057299,13.38504621132111,2.0,7905.9548
7/19/2019,21:23:00,59.99045519002506,13.385077737669256,2.0,7905.9548
7/19/2019,21:25:00,59.987870029477136,13.3851,2.0,7905.9548
7/19/2019,21:27:00,59.9856,13.3851,2.0,7905.9548
7/19/2019,21:29:00,59.9856,13.3851,2.0,7905.9548
7/19/2019,21:32:00,59.9856,13.3851,2.0,7905.708833343842
7/19/2019,21:34:00,59.9856,13.3851,2.0,7905.449907446524
7/19/2019,21:36:00,59.97820273175807,13.3851,2.0,7905.1909815492045
7/19/2019,21:38:00,59.97041572376614,13.3851,2.0,7905.1335
7/19/2019,21:40:00,59.96262871577421,13.3851,2.0,7905.1335
7/19/2019,21:42:00,59.9609,13.3851,2.0,7905.1335
7/19/2019,21:44:00,59.9609,13.3851,2.0,7905.1335
7/19/2019,21:46:00,59.9609,13.385149054997715,2.0,7905.1335
7/19/2019,21:49:00,59.9609,13.385212107694006,2.0,7905.1335
7/19/2019,21:51:00,59.9609,13.385275160390297,2.0,7905.1335
7/19/2019,21:53:00,59.9609,13.3853,2.0,7905.1335
7/19/2019,21:55:00,59.9609,13.3853,2.0,7905.1335
7/19/2019,21:57:00,59.9609,13.3853,2.0,7905.1335
7/19/2019,21:59:00,59.9609,13.38532737117546,2.0,7905.1335
7/19/2019,22:01:00,59.9609,13.385390423871751,2.0,7905.1335
7/19/2019,22:03:00,59.9609,13.385453476568042,2.0,7905.1335
7/19/2019,22:06:00,59.9609,13.3855,2.0,7905.1335
7/19/2019,22:08:00,59.9609,13.3855,2.0,7905.1335
7/19/2019,22:10:00,59.9609,13.3855,2.0,7905.1335
7/19/2019,22:12:00,59.9609,13.3855,2.0,7905.1335
7/19/2019,22:14:00,59.9609,13.3855,2.0,7905.1335
7/19/2019,22:16:00,59.95615253633469,13.3855,2.0,7905.1335
7/19/2019,22:18:00,59.95098213373688,13.3855,2.0,7904.940243121059
7/19/2019,22:20:00,59.94581173113906,13.3855,2.0,7904.681289779319
7/19/2019,22:23:00,59.9445,13.3855,2.0,7904.422336437578
7/19/2019,22:25:00,59.9445,13.3855,2.0,7904.3121
7/19/2019,22:27:00,59.9445,13.3855,2.0,7904.3121
7/19/2019,22:29:00,59.9445,13.3855,2.0,7904.3121
7/19/2019,22:31:00,59.9445,13.3855,2.0,7904.3121
7/19/2019,22:33:00,59.9445,13.3855,2.0,7904.3121
7/19/2019,22:35:00,59.9445,13.3855,2.0,7904.3121
7/19/2019,22:38:00,59.9445,13.3855,2.0,7904.3121
7/19/2019,22:40:00,59.9445,13.3855,2.0,7904.3121
7/19/2019,22:42:00,59.9445,13.3855,2.0,7904.3121
7/19/2019,22:44:00,59.9445,13.3855,2.0,7904.3121
7/19/2019,22:46:00,59.9445,13.3855,2.0,7904.3121
7/19/2019,22:48:00,59.9445,13.3855,2.0,7904.3121
7/19/2019,22:50:00,59.9445,13.3855,2.0,7904.3121
7/19/2019,22:52:00,59.9445,13.385501842744096,2.0,7904.3121
7/19/2019,22:55:00,59.9445,13.385533369589206,2.0,7904.3121
7/19/2019,22:57:00,59.9445,13.385564896434314,2.0,7904.3121
7/19/2019,22:59:00,59.9445,13.385596423279422,2.0,7904.3121
7/19/2019,23:01:00,59.9445,13.3856,2.0,7904.3121
7/19/2019,23:03:00,59.9445,13.3856,2.0,7904.3121
7/19/2019,23:05:00,59.9445,13.3856,2.0,7904.3121
7/19/2019,23:07:00,59.9445,13.3856,2.0,7904.3121
7/19/2019,23:09:00,59.9445,13.3856,2.0,7904.3121
7/19/2019,23:12:00,59.9445,13.3856,2.0,7904.3121
7/19/2019,23:14:00,59.9445,13.3856,2.0,7904.3121
7/19/2019,23:16:00,59.9445,13.3856,2.0,7904.3121
7/19/2019,23:18:00,59.9445,13.3856,2.0,7904.3121
7/19/2019,23:20:00,59.9445,13.3856,2.0,7904.3121
7/19/2019,23:22:00,59.9445,13.3856,2.0,7904.3121
7/19/2019,23:24:00,59.9445,13.3856,2.0,7904.305173732247
7/19/2019,23:26:00,59.9445,13.3856,2.0,7904.046247834928
7/19/2019,23:29:00,59.9445,13.3856,2.0,7903.787321937609
7/19/2019,23:31:00,59.9445,13.3856,2.0,7903.52839604029
7/19/2019,23:33:00,59.9445,13.385601686659626,2.0,7903.269443194249
7/19/2019,23:35:00,59.9445,13.385664739355917,2.0,7903.010485770583
7/19/2019,23:37:00,59.9445,13.385727792052208,2.0,7902.751528346916
7/19/2019,23:39:00,59.9445,13.385790844748499,2.0,7902.315763374265
7/19/2019,23:41:00,59.9445,13.3858,2.0,7901.797880053279
7/19/2019,23:43:00,59.9445,13.3858,2.0,7901.279996732294
7/19/2019,23:46:00,59.9445,13.3858,2.0,7900.762117581968
7/19/2019,23:48:00,59.9445,13.385843055533662,2.0,7900.244242424338
7/19/2019,23:50:00,59.9445,13.385906108229953,2.0,7899.726367266709
7/19/2019,23:52:00,59.9445,13.385969160926244,2.0,7899.296239329119
7/19/2019,23:54:00,59.9445,13.386,2.0,7899.037281905453
7/19/2019,23:56:00,59.9445,13.386,2.0,7898.778324481786
7/19/2019,23:58:00,59.9445,13.386,2.0,7898.5626
7/20/2019,0:00:00,59.9445,13.386,2.0,7898.5626
7/20/2019,0:03:00,59.9445,13.386,2.0,7898.5626
7/20/2019,0:05:00,59.9445,13.386,2.0,7898.5626
7/20/2019,0:07:00,59.9445,13.386010526647645,2.0,7898.5626
7/20/2019,0:09:00,59.9445,13.386073579343936,2.0,7898.5626
7/20/2019,0:11:00,59.9445,13.386136632040229,2.0,7898.5626
7/20/2019,0:13:00,59.9445,13.38619968473652,2.0,7898.5626
7/20/2019,0:15:00,59.9445,13.3862,2.0,7898.5626
7/20/2019,0:17:00,59.9445,13.3862,2.0,7898.5626
7/20/2019,0:20:00,59.9445,13.3862,2.0,7898.5626
7/20/2019,0:22:00,59.9445,13.386251897856242,2.0,7898.5626
7/20/2019,0:24:00,59.9445,13.386314949558638,2.0,7898.5626
7/20/2019,0:26:00,59.9445,13.386378001261034,2.0,7898.5626
7/20/2019,0:28:00,59.9445,13.3864,2.0,7898.5626
7/20/2019,0:30:00,59.9445,13.3864,2.0,7898.5626
7/20/2019,0:32:00,59.9445,13.3864,2.0,7898.5626
7/20/2019,0:34:00,59.9445,13.386535952647424,2.0,7898.5626
7/20/2019,0:37:00,59.9445,13.386819689780735,2.0,7898.5626
7/20/2019,0:39:00,59.9445,13.387103426914043,2.0,7898.5626
7/20/2019,0:41:00,59.9445,13.38732905468245,2.0,7898.5626
7/20/2019,0:43:00,59.94519928592821,13.387423633726888,2.0,7898.5626
7/20/2019,0:45:00,59.95036960702407,13.387518212771324,2.0,7898.5626
7/20/2019,0:47:00,59.955539928119926,13.387608527877175,2.0,7898.5626
7/20/2019,0:49:00,59.960710249215786,13.387671580573464,2.0,7898.5626
7/20/2019,0:51:00,59.9609,13.387734633269755,2.0,7898.5626
7/20/2019,0:54:00,59.9609,13.387797685966046,2.0,7898.5626
7/20/2019,0:56:00,59.9609,13.3878,2.0,7898.5626
7/20/2019,0:58:00,59.9609,13.3878,2.0,7898.5626
7/20/2019,1:00:00,59.9609,13.3878,2.0,7898.5626
7/20/2019,1:02:00,59.9609,13.3878,2.0,7898.5626
7/20/2019,1:04:00,59.96412202430682,13.3878,2.0,7898.5626
7/20/2019,1:06:00,59.96932387175082,13.3878,2.0,7898.5626
7/20/2019,1:08:00,59.97452571919482,13.387819527420042,2.0,7898.5626
7/20/2019,1:11:00,59.9774,13.387851053768188,2.0,7898.5626
7/20/2019,1:13:00,59.9774,13.387882580116333,2.0,7898.5626
7/20/2019,1:15:00,59.9774,13.3879,2.0,7898.5626
7/20/2019,1:17:00,59.9774,13.3879,2.0,7898.5626
7/20/2019,1:19:00,59.9774,13.3879,2.0,7898.5626
7/20/2019,1:21:00,59.9774,13.3879,2.0,7898.5626
7/20/2019,1:23:00,59.9774,13.3879,2.0,7898.5626
7/20/2019,1:26:00,59.9774,13.3879,2.0,7898.5626
7/20/2019,1:28:00,59.9774,13.3879065291067,2.0,7898.5626
7/20/2019,1:30:00,59.9774,13.387969581802992,2.0,7898.5626
7/20/2019,1:32:00,59.97496233291299,13.388032634499282,2.0,7898.5626
7/20/2019,1:34:00,59.972345687263555,13.388095687195573,2.0,7898.365895940983
7/20/2019,1:36:00,59.96972904161412,13.3881,2.0,7898.106938517316
7/20/2019,1:38:00,59.9691,13.3881,2.0,7897.84798109365
7/20/2019,1:40:00,59.9691,13.3881,2.0,7897.7412
7/20/2019,1:43:00,59.9691,13.388147894828101,2.0,7897.7412
7/20/2019,1:45:00,59.9691,13.388210947524392,2.0,7897.7412
7/20/2019,1:47:00,59.9691,13.388274000220683,2.0,7897.7412
7/20/2019,1:49:00,59.9691,13.3883,2.0,7897.7412
7/20/2019,1:51:00,59.9691,13.3883,2.0,7897.7412
7/20/2019,1:53:00,59.9691,13.3883,2.0,7897.7412
7/20/2019,1:55:00,59.9691,13.388273788994152,2.0,7897.7412
7/20/2019,1:57:00,59.9691,13.38821073629786,2.0,7897.7412
7/20/2019,2:00:00,59.9691,13.38814768360157,2.0,7897.7412
7/20/2019,2:02:00,59.9691,13.3881,2.0,7897.7412
7/20/2019,2:04:00,59.96891438547266,13.3881,2.0,7897.7412
7/20/2019,2:06:00,59.96632922492473,13.3881,2.0,7897.7412
7/20/2019,2:08:00,59.963744064376804,13.3881,2.0,7897.7412
7/20/2019,2:10:00,59.961158903828874,13.3881,2.0,7897.7412
7/20/2019,2:12:00,59.9609,13.3881,2.0,7897.7412
7/20/2019,2:14:00,59.9609,13.3881,2.0,7897.7412
7/20/2019,2:17:00,59.9609,13.3881,2.0,7897.7412
7/20/2019,2:19:00,59.9609,13.3881,2.0,7897.7412
7/20/2019,2:21:00,59.9609,13.3881,2.0,7897.7412
7/20/2019,2:23:00,59.9609,13.38805410394237,2.0,7897.7412
7/20/2019,2:25:00,59.9609,13.387991051246079,2.0,7897.7412
7/20/2019,2:27:00,59.9609,13.387927998549788,2.0,7897.7412
7/20/2019,2:29:00,59.9609,13.3879,2.0,7897.7412
7/20/2019,2:31:00,59.9609,13.3879,2.0,7897.7412
7/20/2019,2:34:00,59.9609,13.3879,2.0,7897.7412
7/20/2019,2:36:00,59.9609,13.3879,2.0,7897.7412
7/20/2019,2:38:00,59.9609,13.3879,2.0,7897.7412
7/20/2019,2:40:00,59.9609,13.3879,2.0,7897.7412
7/20/2019,2:42:00,59.9609,13.38789331336696,2.0,7897.7412
7/20/2019,2:44:00,59.96100366493798,13.387861787515764,2.0,7897.7412
7/20/2019,2:46:00,59.9635888254859,13.387830261664565,2.0,7897.7412
7/20/2019,2:48:00,59.96617398603383,13.3878,2.0,7897.7412
7/20/2019,2:51:00,59.96875914658175,13.3878,2.0,7897.7412
7/20/2019,2:53:00,59.9691,13.3878,2.0,7897.7412
7/20/2019,2:55:00,59.9691,13.3878,2.0,7897.7412
7/20/2019,2:57:00,59.9691,13.3878,2.0,7897.7412
7/20/2019,2:59:00,59.9691,13.3878,2.0,7897.7412
7/20/2019,3:01:00,59.9691,13.3878,2.0,7897.7412
7/20/2019,3:03:00,59.9691,13.3878,2.0,7897.7412
7/20/2019,3:05:00,59.970471798105265,13.3878,2.0,7897.7412
7/20/2019,3:08:00,59.97308848500134,13.3878,2.0,7897.7412
7/20/2019,3:10:00,59.97570517189742,13.3878,2.0,7897.7412
7/20/2019,3:12:00,59.9774,13.3878,2.0,7897.7412
7/20/2019,3:14:00,59.9774,13.3878,2.0,7897.7412
7/20/2019,3:16:00,59.9774,13.3878,2.0,7897.7412
7/20/2019,3:18:00,59.9774,13.3878,2.0,7897.7412
7/20/2019,3:20:00,59.9774,13.3878,2.0,7897.7412
7/20/2019,3:22:00,59.9774,13.387788628625474,2.0,7897.7412
7/20/2019,3:25:00,59.97742158609058,13.387725576923078,2.0,7897.7412
7/20/2019,3:27:00,59.9800067466385,13.387662525220682,2.0,7897.7412
7/20/2019,3:29:00,59.98259190718643,13.387599473509987,2.0,7897.7412
7/20/2019,3:31:00,59.985177067734355,13.387536420813696,2.0,7897.7412
7/20/2019,3:33:00,59.9856,13.387473368117405,2.0,7897.7412
7/20/2019,3:35:00,59.9856,13.387410315421112,2.0,7897.7412
7/20/2019,3:37:00,59.9856,13.3874,2.0,7897.7412
7/20/2019,3:39:00,59.9856,13.3874,2.0,7897.7412
7/20/2019,3:42:00,59.9856,13.3874,2.0,7897.613678995571
7/20/2019,3:44:00,59.9856,13.3874,2.0,7897.354753098252
7/20/2019,3:46:00,59.9856,13.3874,2.0,7897.095827200933
7/20/2019,3:48:00,59.9856,13.3874,2.0,7896.9199
7/20/2019,3:50:00,59.9856,13.3874,2.0,7896.9199
7/20/2019,3:52:00,59.9856,13.3874,2.0,7896.9199
7/20/2019,3:54:00,59.9856,13.3874,2.0,7896.9199
7/20/2019,3:56:00,59.9856,13.387420211541796,2.0,7896.9199
7/20/2019,3:59:00,59.9856,13.387483264238087,2.0,7896.9199
7/20/2019,4:01:00,59.9856,13.387546316934378,2.0,7896.9199
7/20/2019,4:03:00,59.9856,13.3876,2.0,7896.9199
7/20/2019,4:05:00,59.9856,13.3876,2.0,7896.9199
7/20/2019,4:07:00,59.9856,13.3876,2.0,7896.9199
7/20/2019,4:09:00,59.9856,13.3876,2.0,7896.711542330428
7/20/2019,4:11:00,59.9856,13.3876,2.0,7896.452616433109
7/20/2019,4:13:00,59.9856,13.3876,2.0,7896.193690535791
7/20/2019,4:16:00,59.9856,13.3876,2.0,7896.0986
7/20/2019,4:18:00,59.9856,13.3876,2.0,7896.0986
7/20/2019,4:20:00,59.98889146897019,13.3876,2.0,7896.0986
7/20/2019,4:22:00,59.994093316414194,13.3876,2.0,7896.0986
7/20/2019,4:24:00,59.99929516385819,13.3876,2.0,7896.0986
7/20/2019,4:26:00,60.0021,13.3876,2.0,7896.0986
7/20/2019,4:28:00,60.0021,13.3876,2.0,7896.0986
7/20/2019,4:31:00,60.0021,13.3876,2.0,7896.0986
7/20/2019,4:33:00,60.0021,13.3876,2.0,7896.0986
7/20/2019,4:35:00,60.0021,13.3876,2.0,7896.0986
7/20/2019,4:37:00,60.0021,13.3876,2.0,7896.0986
7/20/2019,4:39:00,60.002402205268055,13.3876,2.0,7896.0986
7/20/2019,4:41:00,60.00498736581598,13.3876,2.0,7896.0986
7/20/2019,4:43:00,60.00757252636391,13.387592629139805,2.0,7895.853898182506
7/20/2019,4:45:00,60.01015768691184,13.387529576443512,2.0,7895.59494075884
7/20/2019,4:48:00,60.0103,13.387466523747221,2.0,7895.335983335172
7/20/2019,4:50:00,60.0103,13.38740347105093,2.0,7895.2772
7/20/2019,4:52:00,60.0103,13.3874,2.0,7895.2772
7/20/2019,4:54:00,60.0103,13.3874,2.0,7895.2772
7/20/2019,4:56:00,60.0103,13.3874,2.0,7895.432843906054
7/20/2019,4:58:00,60.0103,13.3874,2.0,7895.691797247793
7/20/2019,5:00:00,60.0103,13.3874,2.0,7895.9507505895335
7/20/2019,5:02:00,60.0103,13.3874,2.0,7896.0986
7/20/2019,5:05:00,60.0103,13.3874,2.0,7896.0986
7/20/2019,5:07:00,60.0103,13.3874,2.0,7896.0986
7/20/2019,5:09:00,60.0103,13.3874,2.0,7896.0986
7/20/2019,5:11:00,60.0103,13.3874,2.0,7896.0986
7/20/2019,5:13:00,60.0103,13.3874,2.0,7896.0986
7/20/2019,5:15:00,60.0103,13.3874,2.0,7896.0986
7/20/2019,5:17:00,60.0103,13.387416211103755,2.0,7896.0986
7/20/2019,5:19:00,60.0103,13.387479264793972,2.0,7896.0986
7/20/2019,5:22:00,60.0103,13.38754231848419,2.0,7896.0986
7/20/2019,5:24:00,60.0103,13.3876,2.0,7896.0986
7/20/2019,5:26:00,60.0103,13.3876,2.0,7896.0986
7/20/2019,5:28:00,60.0103,13.3876,2.0,7896.0986
7/20/2019,5:30:00,60.0103,13.3876,2.0,7896.0986
7/20/2019,5:32:00,60.0103,13.3876,2.0,7896.0986
7/20/2019,5:34:00,60.00838374974385,13.3876,2.0,7896.0986
7/20/2019,5:36:00,60.00579858919592,13.3876,2.0,7896.0986
7/20/2019,5:39:00,60.00321342864799,13.387646737811126,2.0,7896.0986
7/20/2019,5:41:00,60.0021,13.387709790507417,2.0,7896.0986
7/20/2019,5:43:00,60.0021,13.387772843203708,2.0,7896.2014842052995
7/20/2019,5:45:00,60.0021,13.3878,2.0,7896.460410102618
7/20/2019,5:47:00,60.0021,13.3878,2.0,7896.719335999937
7/20/2019,5:49:00,60.0021,13.3878,2.0,7896.9199
7/20/2019,5:51:00,60.0021,13.3878,2.0,7896.9199
7/20/2019,5:53:00,60.0021,13.3878,2.0,7896.9199
7/20/2019,5:56:00,60.0021,13.3878,2.0,7896.9199
7/20/2019,5:58:00,60.0021,13.387807106038872,2.0,7896.9199
7/20/2019,6:00:00,60.0021,13.387838632387018,2.0,7896.9199
7/20/2019,6:02:00,60.0021,13.387870158735163,2.0,7896.9199
7/20/2019,6:04:00,60.0021,13.3879,2.0,7896.9199
7/20/2019,6:06:00,60.0021,13.3879,2.0,7896.9199
7/20/2019,6:08:00,60.0021,13.3879,2.0,7896.9199
7/20/2019,6:10:00,60.0021,13.3879,2.0,7896.9199
7/20/2019,6:13:00,60.0021,13.3879,2.0,7896.9199
7/20/2019,6:15:00,60.0021,13.3879,2.0,7896.9199
7/20/2019,6:17:00,60.0021,13.3879,2.0,7896.9199
7/20/2019,6:19:00,60.0021,13.3879,2.0,7896.9199
7/20/2019,6:21:00,60.0021,13.3879,2.0,7896.9199
7/20/2019,6:23:00,60.0021,13.3879,2.0,7896.825223745645
7/20/2019,6:25:00,60.0021,13.3879,2.0,7896.566297848327
7/20/2019,6:27:00,60.0021,13.3879,2.0,7896.3073719510085
7/20/2019,6:30:00,60.0021,13.3879,2.0,7896.0986
7/20/2019,6:32:00,60.0021,13.3879,2.0,7896.0986
7/20/2019,6:34:00,60.0021,13.3879,2.0,7896.0986
7/20/2019,6:36:00,60.0021,13.3879,2.0,7896.092967764817
7/20/2019,6:38:00,60.0021,13.387912213307272,2.0,7895.834014423077
7/20/2019,6:40:00,60.0021,13.387975266003563,2.0,7895.575061081337
7/20/2019,6:42:00,60.0021,13.388038318699854,2.0,7895.316107739597
7/20/2019,6:44:00,60.0021,13.3881,2.0,7895.057177718753
7/20/2019,6:47:00,60.0021,13.3881,2.0,7894.798251821435
7/20/2019,6:49:00,59.99767973013446,13.3881,2.0,7894.539325924116
7/20/2019,6:51:00,59.99247788269046,13.3881,2.0,7894.4559
7/20/2019,6:53:00,59.98727603524645,13.3881,2.0,7894.4559
7/20/2019,6:55:00,59.9856,13.3881,2.0,7894.4559
7/20/2019,6:57:00,59.9856,13.3881,2.0,7894.0629289148455
7/20/2019,6:59:00,59.9856,13.388164105676319,2.0,7893.286075924524
7/20/2019,7:01:00,59.982968603991296,13.388258684720755,2.0,7892.5092229342035
7/20/2019,7:04:00,59.97776667454838,13.388353263765193,2.0,7891.905312003468
7/20/2019,7:06:00,59.97256474510545,13.3884,2.0,7891.646327135876
7/20/2019,7:08:00,59.9691,13.3884,2.0,7891.387342268285
7/20/2019,7:10:00,59.9691,13.3884,2.0,7891.128372056621
7/20/2019,7:12:00,59.9691,13.3884,2.0,7890.869477685651
7/20/2019,7:14:00,59.9691,13.3884,2.0,7890.61058331468
7/20/2019,7:16:00,59.9691,13.3884,2.0,7890.35168894371
7/20/2019,7:18:00,59.9691,13.3884,2.0,7889.580027662794
7/20/2019,7:21:00,59.9691,13.3884,2.0,7888.803186918142
7/20/2019,7:23:00,59.958862764230204,13.3884,2.0,7888.026346173489
7/20/2019,7:25:00,59.94852212203849,13.3884,2.0,7887.673185669699
7/20/2019,7:27:00,59.93818147984678,13.3884,2.0,7887.414259772379
7/20/2019,7:29:00,59.9363,13.3884,2.0,7887.155333875061
7/20/2019,7:31:00,59.9363,13.3884,2.0,7886.896384971153
7/20/2019,7:33:00,59.9363,13.3884,2.0,7886.63742346543
7/20/2019,7:36:00,59.9363,13.3884,2.0,7886.378461959708
7/20/2019,7:38:00,59.9363,13.3884,2.0,7886.2423
7/20/2019,7:40:00,59.9363,13.3884,2.0,7886.2423
7/20/2019,7:42:00,59.93507413619168,13.3884,2.0,7886.2423
7/20/2019,7:44:00,59.93248901639345,13.3884,2.0,7886.1640430665675
7/20/2019,7:46:00,59.929903896595206,13.3884,2.0,7885.905085642901
7/20/2019,7:48:00,59.9281,13.3884,2.0,7885.646128219234
7/20/2019,7:50:00,59.9281,13.3884,2.0,7885.3871749018745
7/20/2019,7:53:00,59.9281,13.3884,2.0,7885.128249004555
7/20/2019,7:55:00,59.9281,13.3884,2.0,7884.869323107237
7/20/2019,7:57:00,59.9281,13.3884,2.0,7884.610397209918
7/20/2019,7:59:00,59.9281,13.3884,2.0,7884.5996
7/20/2019,8:01:00,59.9281,13.3884,2.0,7884.5996
7/20/2019,8:03:00,59.9281,13.3884,2.0,7884.5996
7/20/2019,8:05:00,59.9281,13.3884,2.0,7884.5996
7/20/2019,8:07:00,59.9281,13.3884,2.0,7884.5996
7/20/2019,8:10:00,59.92606715900314,13.3884,2.0,7884.5996
7/20/2019,8:12:00,59.92348199845521,13.3884,2.0,7884.5996
7/20/2019,8:14:00,59.92089683790728,13.3884,2.0,7884.5996
7/20/2019,8:16:00,59.92148832264065,13.3884,2.0,7884.5996
7/20/2019,8:18:00,59.92407348318857,13.3884,2.0,7884.5996
7/20/2019,8:20:00,59.9266586437365,13.3884,2.0,7884.5996
7/20/2019,8:22:00,59.9281,13.3884,2.0,7884.5996
7/20/2019,8:24:00,59.9281,13.3884,2.0,7884.5996
7/20/2019,8:27:00,59.9281,13.3884,2.0,7884.5996
7/20/2019,8:29:00,59.929498549810845,13.3884,2.0,7884.5996
7/20/2019,8:31:00,59.93466878940731,13.3884,2.0,7884.5996
7/20/2019,8:33:00,59.939839029003785,13.388442638713746,2.0,7884.5996
7/20/2019,8:35:00,59.9445,13.388600267969736,2.0,7884.5996
7/20/2019,8:37:00,59.9445,13.388757897225725,2.0,7884.5996
7/20/2019,8:39:00,59.9445,13.3889,2.0,7884.5996
7/20/2019,8:41:00,59.9445,13.3889,2.0,7884.5996
7/20/2019,8:44:00,59.9445,13.3889,2.0,7884.5996
7/20/2019,8:46:00,59.9445,13.3889,2.0,7884.794985482116
7/20/2019,8:48:00,59.9445,13.3889,2.0,7885.053911379436
7/20/2019,8:50:00,59.95232683838018,13.3889,2.0,7885.312837276754
7/20/2019,8:52:00,59.96269900692003,13.3889,2.0,7885.4209
7/20/2019,8:54:00,59.97307117545989,13.3889,2.0,7885.4209
7/20/2019,8:56:00,59.9774,13.3889,2.0,7885.4209
7/20/2019,8:58:00,59.9774,13.3889,2.0,7885.4209
7/20/2019,9:01:00,59.9774,13.3889,2.0,7885.4209
7/20/2019,9:03:00,59.9774,13.3889,2.0,7885.4209
7/20/2019,9:05:00,59.9774,13.3889,2.0,7885.4209
7/20/2019,9:07:00,59.9774,13.3889,2.0,7885.4209
7/20/2019,9:09:00,59.9774,13.3889,2.0,7885.4209
7/20/2019,9:11:00,59.9774,13.3889,2.0,7885.4381983559015
7/20/2019,9:13:00,59.9774,13.3889,2.0,7885.697155779568
7/20/2019,9:15:00,59.9774,13.3889,2.0,7885.956113203235
7/20/2019,9:18:00,59.9774,13.3889,2.0,7886.215070626901
7/20/2019,9:20:00,59.9774,13.3889,2.0,7886.2423
7/20/2019,9:22:00,59.9774,13.3889,2.0,7886.2423
7/20/2019,9:24:00,59.9774,13.3889,2.0,7886.2423
7/20/2019,9:26:00,59.9774,13.3889,2.0,7886.61667785274
7/20/2019,9:28:00,59.9774,13.388843577294724,2.0,7887.134561173726
7/20/2019,9:30:00,59.9792688125601,13.388780524598433,2.0,7887.652444494712
7/20/2019,9:32:00,59.981853973108024,13.388717471902142,2.0,7888.02767259257
7/20/2019,9:35:00,59.984439133655954,13.388677209602927,2.0,7888.286630016236
7/20/2019,9:37:00,59.98702429420388,13.388645683254781,2.0,7888.545587439903
7/20/2019,9:39:00,59.98960945475181,13.388614156906636,2.0,7888.804520966598
7/20/2019,9:41:00,59.99219461529974,13.388565261116979,2.0,7889.063415337569
7/20/2019,9:43:00,59.9938,13.388502208420688,2.0,7889.322309708539
7/20/2019,9:45:00,59.9938,13.388439155724397,2.0,7889.63482774161
7/20/2019,9:47:00,59.9938,13.388388051514054,2.0,7890.152711062596
7/20/2019,9:49:00,59.9938,13.388356525165907,2.0,7890.670594383581
7/20/2019,9:52:00,59.9938,13.388324998817762,2.0,7891.179390655443
7/20/2019,9:54:00,59.9938,13.388286944939232,2.0,7891.43838368801
7/20/2019,9:56:00,59.9938,13.38822389224294,2.0,7891.697376720577
7/20/2019,9:58:00,59.9938,13.38816083954665,2.0,7891.956369753145
7/20/2019,10:00:00,59.9938,13.388097786815473,2.0,7892.215301311476
7/20/2019,10:02:00,59.9938,13.388034733125256,2.0,7892.474223127365
7/20/2019,10:04:00,59.9938,13.387971679435038,2.0,7892.733144943254
7/20/2019,10:06:00,59.9938,13.387908625744823,2.0,7892.992088549811
7/20/2019,10:09:00,59.9938,13.387872786885247,2.0,7893.251041891552
7/20/2019,10:11:00,59.9938,13.387841261034048,2.0,7893.509995233291
7/20/2019,10:13:00,59.9938,13.38780973518285,2.0,7893.903389258804
7/20/2019,10:15:00,59.9938,13.387756418663304,2.0,7894.421280743403
7/20/2019,10:17:00,59.99515860525237,13.387693366960908,2.0,7894.9391722280025
7/20/2019,10:19:00,59.99777533339638,13.387630315258512,2.0,7895.2772
7/20/2019,10:21:00,60.0003920615404,13.38756726252404,2.0,7895.2772
7/20/2019,10:24:00,60.0021,13.387504208833823,2.0,7895.2772
7/20/2019,10:26:00,60.0021,13.387441155143605,2.0,7895.322595236369
7/20/2019,10:28:00,60.0021,13.3874,2.0,7895.581552660036
7/20/2019,10:30:00,60.0021,13.3874,2.0,7895.840510083703
7/20/2019,10:32:00,60.0021,13.3874,2.0,7896.100334803512
7/20/2019,10:34:00,60.0021,13.3874,2.0,7896.61818659815
7/20/2019,10:36:00,60.0021,13.3874,2.0,7897.136038392787
7/20/2019,10:38:00,60.0021,13.3874,2.0,7897.653890187425
7/20/2019,10:41:00,60.0021,13.3874,2.0,7898.602362597141
7/20/2019,10:43:00,60.0021,13.3874,2.0,7899.63816076546
7/20/2019,10:45:00,60.0021,13.3874,2.0,7900.673958933779
7/20/2019,10:47:00,60.0021,13.3874,2.0,7901.538987629061
7/20/2019,10:49:00,60.0021,13.3874,2.0,7902.315828373713
7/20/2019,10:51:00,60.0021,13.3874,2.0,7903.092669118366
7/20/2019,10:53:00,60.0021,13.3874,2.0,7903.364558255962
7/20/2019,10:55:00,60.0021,13.3874,2.0,7903.105600832295
7/20/2019,10:58:00,60.0021,13.3874,2.0,7902.846643408629
7/20/2019,11:00:00,60.0021,13.3874,2.0,7902.587676036823
7/20/2019,11:02:00,60.0021,13.3874,2.0,7902.328687086808
7/20/2019,11:04:00,60.0021,13.3874,2.0,7902.069698136793
7/20/2019,11:06:00,60.0021,13.3874,2.0,7901.810722768329
7/20/2019,11:08:00,60.0021,13.3874,2.0,7901.551828397358
7/20/2019,11:10:00,60.0021,13.3874,2.0,7901.292934026388
7/20/2019,11:12:00,60.0021,13.3874,2.0,7901.0340396554175
7/20/2019,11:15:00,60.0021,13.3874,2.0,7900.775080052966
7/20/2019,11:17:00,60.0021,13.3874,2.0,7900.5161185472425
7/20/2019,11:19:00,60.0021,13.3874,2.0,7900.25715704152
7/20/2019,11:21:00,60.0021,13.3874,2.0,7899.998227277742
7/20/2019,11:23:00,60.0021,13.3874,2.0,7899.739305461853
7/20/2019,11:25:00,60.0021,13.3874,2.0,7899.480383645965
7/20/2019,11:27:00,60.0021,13.3874,2.0,7899.221439477293
7/20/2019,11:29:00,60.0021,13.3874,2.0,7898.962482053626
7/20/2019,11:32:00,60.0021,13.3874,2.0,7898.703524629959
7/20/2019,11:34:00,60.0021,13.3874,2.0,7898.5626
7/20/2019,11:36:00,60.0021,13.3874,2.0,7898.5626
7/20/2019,11:38:00,60.00327831617774,13.3874,2.0,7898.5626
7/20/2019,11:40:00,60.00586347672567,13.3874,2.0,7898.489094935292
7/20/2019,11:42:00,60.0084486372736,13.3874,2.0,7898.230137511626
7/20/2019,11:44:00,60.0103,13.3874,2.0,7897.971180087959
7/20/2019,11:46:00,60.0103,13.3874,2.0,7897.712226648802
7/20/2019,11:49:00,60.0103,13.3874,2.0,7897.453304832913
7/20/2019,11:51:00,60.0103,13.3874,2.0,7897.194383017024
7/20/2019,11:53:00,60.0103,13.3874,2.0,7896.935461201135
7/20/2019,11:55:00,60.0103,13.3874,2.0,7896.67653554911
7/20/2019,11:57:00,60.0103,13.3874,2.0,7896.417609651791
7/20/2019,11:59:00,60.0103,13.3874,2.0,7896.158683754473
7/20/2019,12:01:00,60.0103,13.3874,2.0,7896.0986
7/20/2019,12:03:00,60.0103,13.387459263229244,2.0,7896.0986
7/20/2019,12:06:00,60.0103,13.387522315925535,2.0,7896.0986
7/20/2019,12:08:00,60.0103,13.387585368621826,2.0,7895.9442613754945
7/20/2019,12:10:00,60.0103,13.3876,2.0,7895.685303951828
7/20/2019,12:12:00,60.0103,13.3876,2.0,7895.426346528161
7/20/2019,12:14:00,60.0103,13.3876,2.0,7895.167402473242
7/20/2019,12:16:00,60.0103,13.38763757940699,2.0,7894.9084765759235
7/20/2019,12:18:00,60.0103,13.38770063210328,2.0,7894.649550678605
7/20/2019,12:20:00,60.0103,13.387763684799571,2.0,7894.390616833493
7/20/2019,12:23:00,60.0103,13.387813368747931,2.0,7894.131659409827
7/20/2019,12:25:00,60.0103,13.387844895096077,2.0,7893.87270198616
7/20/2019,12:27:00,60.0103,13.387876421444222,2.0,7893.6345
7/20/2019,12:29:00,60.0103,13.3879,2.0,7893.6345
7/20/2019,12:31:00,60.010507200617916,13.3879,2.0,7893.6345
7/20/2019,12:33:00,60.013092361165846,13.3879,2.0,7893.6345
7/20/2019,12:35:00,60.015677521713776,13.387905053673608,2.0,7893.399311160503
7/20/2019,12:37:00,60.01826268226171,13.387968106369899,2.0,7893.140349654781
7/20/2019,12:40:00,60.0185,13.38803115906619,2.0,7892.88138814906
7/20/2019,12:42:00,60.0185,13.38809421176248,2.0,7892.622455866961
7/20/2019,12:44:00,60.0185,13.3881,2.0,7892.363534051072
7/20/2019,12:46:00,60.0185,13.3881,2.0,7892.104612235183
7/20/2019,12:48:00,60.0185,13.3881,2.0,7891.9918
7/20/2019,12:50:00,60.0185,13.3881,2.0,7891.9918
7/20/2019,12:52:00,60.0185,13.3881,2.0,7891.9918
7/20/2019,12:54:00,60.0185,13.3881,2.0,7891.890185685462
7/20/2019,12:57:00,60.0185,13.3881,2.0,7891.631196735447
7/20/2019,12:59:00,60.0185,13.3881,2.0,7891.372207785432
7/20/2019,13:01:00,60.0185,13.3881,2.0,7891.1703
7/20/2019,13:03:00,60.0185,13.3881,2.0,7891.1703
7/20/2019,13:05:00,60.0185,13.3881,2.0,7891.1703
7/20/2019,13:07:00,60.0185,13.3881,2.0,7891.157756567726
7/20/2019,13:09:00,60.0185,13.388113896814263,2.0,7890.8988621967555
7/20/2019,13:11:00,60.0185,13.388176949510553,2.0,7890.639967825786
7/20/2019,13:14:00,60.0185,13.388240002206844,2.0,7890.381073454815
7/20/2019,13:16:00,60.0185,13.388301527451567,2.0,7890.3491
7/20/2019,13:18:00,60.0185,13.388333053799713,2.0,7890.3491
7/20/2019,13:20:00,60.0185,13.388364580147858,2.0,7890.3491
7/20/2019,13:22:00,60.0185,13.388396106496005,2.0,7890.3491
7/20/2019,13:24:00,60.0185,13.3884,2.0,7890.3491
7/20/2019,13:26:00,60.0185,13.3884,2.0,7890.3491
7/20/2019,13:29:00,60.0185,13.3884,2.0,7890.211162485222
7/20/2019,13:31:00,60.0185,13.388444423777173,2.0,7889.952173535207
7/20/2019,13:33:00,60.0185,13.388507476473464,2.0,7889.693184585192
7/20/2019,13:35:00,60.0185,13.388570529169755,2.0,7889.5276
7/20/2019,13:37:00,60.0185,13.3886,2.0,7889.5276
7/20/2019,13:39:00,60.0185,13.3886,2.0,7889.5276
7/20/2019,13:41:00,60.0185,13.3886,2.0,7889.5276
7/20/2019,13:43:00,60.0185,13.388611369798236,2.0,7889.5276
7/20/2019,13:46:00,60.0185,13.388642895649433,2.0,7889.5276
7/20/2019,13:48:00,60.0185,13.38867442150063,2.0,7889.5276
7/20/2019,13:50:00,60.0185,13.3887,2.0,7889.5276
7/20/2019,13:52:00,60.0185,13.3887,2.0,7889.5276
7/20/2019,13:54:00,60.0185,13.3887,2.0,7889.5276
7/20/2019,13:56:00,60.0185,13.3887,2.0,7889.5276
7/20/2019,13:58:00,60.0185,13.3887,2.0,7889.5276
7/20/2019,14:00:00,60.020683848797255,13.3887,2.0,7889.5276
7/20/2019,14:03:00,60.023269050096154,13.3887,2.0,7889.353405668348
7/20/2019,14:05:00,60.02585425139506,13.3887,2.0,7889.0945153783105
7/20/2019,14:07:00,60.0267,13.3887,2.0,7888.8356250882725
7/20/2019,14:09:00,60.0267,13.3887,2.0,7888.7064
7/20/2019,14:11:00,60.0267,13.3887,2.0,7888.7064
7/20/2019,14:13:00,60.0267,13.3887,2.0,7888.7064
7/20/2019,14:15:00,60.0267,13.3887,2.0,7888.7064
7/20/2019,14:17:00,60.0267,13.3887,2.0,7888.7064
7/20/2019,14:20:00,60.0267,13.3887,2.0,7888.7064
7/20/2019,14:22:00,60.0267,13.3887,2.0,7888.7064
7/20/2019,14:24:00,60.0267,13.3887,2.0,7888.7064
7/20/2019,14:26:00,60.0267,13.3887,2.0,7888.7064
7/20/2019,14:28:00,60.0267,13.3887,2.0,7888.7064
7/20/2019,14:30:00,60.0267,13.388709896120682,2.0,7888.4513269376885
7/20/2019,14:32:00,60.0267,13.388772948816973,2.0,7888.192369514021
7/20/2019,14:34:00,60.0267,13.388836001513264,2.0,7887.933412090355
7/20/2019,14:37:00,60.0267,13.388899054209555,2.0,7887.885
7/20/2019,14:39:00,60.0267,13.3889,2.0,7887.885
7/20/2019,14:41:00,60.0267,13.3889,2.0,7887.885
7/20/2019,14:43:00,60.0267,13.3889,2.0,7887.885
7/20/2019,14:45:00,60.0267,13.388951264994718,2.0,7887.885
7/20/2019,14:47:00,60.0267,13.389014317691009,2.0,7887.885
7/20/2019,14:49:00,60.0267,13.3890773703873,2.0,7887.885
7/20/2019,14:51:00,60.0267,13.389120211541796,2.0,7887.885
7/20/2019,14:54:00,60.0267,13.389151737889941,2.0,7887.885
7/20/2019,14:56:00,60.0267,13.389183264238087,2.0,7887.885
7/20/2019,14:58:00,60.0267,13.3892,2.0,7887.885
7/20/2019,15:00:00,60.0267,13.3892,2.0,7887.885
7/20/2019,15:02:00,60.0267,13.3892,2.0,7887.885
7/20/2019,15:04:00,60.0267,13.3892,2.0,7887.885
7/20/2019,15:06:00,60.0267,13.3892,2.0,7887.885
7/20/2019,15:08:00,60.0267,13.3892,2.0,7887.885
7/20/2019,15:11:00,60.0267,13.3892,2.0,7888.1318641119815
7/20/2019,15:13:00,60.0267,13.3892,2.0,7888.390821535649
7/20/2019,15:15:00,60.0267,13.3892,2.0,7888.649778959315
7/20/2019,15:17:00,60.0267,13.3892,2.0,7888.7064
7/20/2019,15:19:00,60.0267,13.3892,2.0,7888.7064
7/20/2019,15:21:00,60.0267,13.3892,2.0,7888.7064
7/20/2019,15:23:00,60.0267,13.3892,2.0,7888.7064
7/20/2019,15:25:00,60.0267,13.3892,2.0,7888.7064
7/20/2019,15:28:00,60.02827537200504,13.3892,2.0,7888.7064
7/20/2019,15:30:00,60.03086049180328,13.3892,2.0,7888.7064
7/20/2019,15:32:00,60.033445611601515,13.3892,2.0,7888.7064
7/20/2019,15:34:00,60.0349,13.3892,2.0,7888.7064
7/20/2019,15:36:00,60.0349,13.3892,2.0,7888.7064
7/20/2019,15:38:00,60.0349,13.3892,2.0,7888.7064
7/20/2019,15:40:00,60.0349,13.3892,2.0,7888.7064
7/20/2019,15:42:00,60.0349,13.3892,2.0,7888.7064
7/20/2019,15:45:00,60.0349,13.3892,2.0,7888.7064
7/20/2019,15:47:00,60.0349,13.3892,2.0,7888.7064
7/20/2019,15:49:00,60.0349,13.3892,2.0,7888.7064
7/20/2019,15:51:00,60.0349,13.3892,2.0,7888.46775778622
7/20/2019,15:53:00,60.0349,13.3892,2.0,7888.208800362553
7/20/2019,15:55:00,60.0349,13.3892,2.0,7887.949842938886
7/20/2019,15:57:00,60.0349,13.3892,2.0,7887.885
7/20/2019,15:59:00,60.0349,13.3892,2.0,7887.885
7/20/2019,16:02:00,60.0349,13.3892,2.0,7887.885
7/20/2019,16:04:00,60.0349,13.3892,2.0,7887.885
7/20/2019,16:06:00,60.0349,13.3892,2.0,7887.885
7/20/2019,16:08:00,60.0349,13.3892,2.0,7887.885
7/20/2019,16:10:00,60.0349,13.3892,2.0,7887.885
7/20/2019,16:12:00,60.0349,13.389181788804994,2.0,7887.885
7/20/2019,16:14:00,60.0338512003657,13.389150262456848,2.0,7887.885
7/20/2019,16:16:00,60.03126603981778,13.389118736108703,2.0,7887.8244760715015
7/20/2019,16:19:00,60.02868087926985,13.3891,2.0,7887.565550174183
7/20/2019,16:21:00,60.0267,13.3891,2.0,7887.306624276865
7/20/2019,16:23:00,60.0267,13.3891,2.0,7887.0637
7/20/2019,16:25:00,60.0267,13.38910736928388,2.0,7887.0637
7/20/2019,16:27:00,60.0267,13.389138895632025,2.0,7887.0637
7/20/2019,16:29:00,60.0267,13.38917042198017,2.0,7887.0637
7/20/2019,16:31:00,60.0267,13.3892,2.0,7887.0637
7/20/2019,16:34:00,60.0267,13.3892,2.0,7887.0637
7/20/2019,16:36:00,60.0267,13.3892,2.0,7887.0637
7/20/2019,16:38:00,60.0267,13.3892,2.0,7887.0637
7/20/2019,16:40:00,60.0267,13.3892,2.0,7887.0637
7/20/2019,16:42:00,60.0267,13.3892,2.0,7887.0637
7/20/2019,16:44:00,60.0267,13.3892,2.0,7887.0637
7/20/2019,16:46:00,60.0267,13.3892,2.0,7887.0637
7/20/2019,16:48:00,60.0267,13.3892,2.0,7887.0637
7/20/2019,16:51:00,60.0267,13.3892,2.0,7887.0637
7/20/2019,16:53:00,60.0267,13.3892,2.0,7887.0637
7/20/2019,16:55:00,60.02573313471421,13.3892,2.0,7887.0637
7/20/2019,16:57:00,60.0231479334153,13.3892,2.0,7887.011366354565
7/20/2019,16:59:00,60.020562732116396,13.3892,2.0,7886.7524170946235
7/20/2019,17:01:00,60.0185,13.3892,2.0,7886.493467834681
7/20/2019,17:03:00,60.0185,13.3892,2.0,7886.2423
7/20/2019,17:05:00,60.0185,13.3892,2.0,7886.2423
7/20/2019,17:08:00,60.0185,13.3892,2.0,7886.2423
7/20/2019,17:10:00,60.0185,13.3892,2.0,7886.2423
7/20/2019,17:12:00,60.0185,13.3892,2.0,7886.2423
7/20/2019,17:14:00,60.0185,13.3892,2.0,7886.2423
7/20/2019,17:16:00,60.0185,13.3892,2.0,7886.2423
7/20/2019,17:18:00,60.0185,13.3892,2.0,7886.2423
7/20/2019,17:20:00,60.0185,13.3892,2.0,7886.2423
7/20/2019,17:22:00,60.0185,13.3892,2.0,7886.2423
7/20/2019,17:25:00,60.0185,13.3892,2.0,7886.10914409275
7/20/2019,17:27:00,60.0185,13.3892,2.0,7885.850186669084
7/20/2019,17:29:00,60.0185,13.3892,2.0,7885.591229245417
7/20/2019,17:31:00,60.0185,13.3892,2.0,7885.4209
7/20/2019,17:33:00,60.0185,13.389232421696434,2.0,7885.4209
7/20/2019,17:35:00,60.0185,13.389295474392725,2.0,7885.4209
7/20/2019,17:37:00,60.0185,13.389358527089016,2.0,7885.4209
7/20/2019,17:39:00,60.0185,13.3894,2.0,7885.4209
7/20/2019,17:42:00,60.0185,13.3894,2.0,7885.4209
7/20/2019,17:44:00,60.0185,13.3894,2.0,7885.4209
7/20/2019,17:46:00,60.0185,13.3894,2.0,7885.4209
7/20/2019,17:48:00,60.0185,13.3894,2.0,7885.4209
7/20/2019,17:50:00,60.0185,13.3894,2.0,7885.4209
7/20/2019,17:52:00,60.0185,13.3894,2.0,7885.6349024149185
7/20/2019,17:54:00,60.0185,13.3894,2.0,7885.893859838585
7/20/2019,17:56:00,60.016363623323194,13.3894,2.0,7886.152817262252
7/20/2019,17:59:00,60.013778462775264,13.3894,2.0,7886.2423
7/20/2019,18:01:00,60.01119330222734,13.3894,2.0,7886.2423
7/20/2019,18:03:00,60.0103,13.3894,2.0,7886.2423
7/20/2019,18:05:00,60.0103,13.3894,2.0,7886.2423
7/20/2019,18:07:00,60.0103,13.3894,2.0,7886.2423
7/20/2019,18:09:00,60.00905266003563,13.3894,2.0,7886.2423
7/20/2019,18:11:00,60.0064674994877,13.3894,2.0,7886.2423
7/20/2019,18:13:00,60.00388233893977,13.3894,2.0,7886.2423
7/20/2019,18:16:00,60.0021,13.3894,2.0,7886.2423
7/20/2019,18:18:00,60.0021,13.3894,2.0,7886.2423
7/20/2019,18:20:00,60.0021,13.3894,2.0,7886.2423
7/20/2019,18:22:00,60.0021,13.3894,2.0,7886.2423
7/20/2019,18:24:00,60.0021,13.3894,2.0,7886.2423
7/20/2019,18:26:00,60.0021,13.3894,2.0,7886.2423
7/20/2019,18:28:00,60.0021,13.3894,2.0,7886.2423
7/20/2019,18:30:00,60.0021,13.3894,2.0,7886.2423
7/20/2019,18:33:00,60.0021,13.3894,2.0,7886.2423
7/20/2019,18:35:00,60.0021,13.3894,2.0,7886.2423
7/20/2019,18:37:00,60.0021,13.3894,2.0,7886.2423
7/20/2019,18:39:00,60.0021,13.3894,2.0,7886.2423
7/20/2019,18:41:00,60.0021,13.3894,2.0,7886.2423
7/20/2019,18:43:00,60.0021,13.3894,2.0,7886.2423
7/20/2019,18:45:00,60.0021,13.3894,2.0,7886.2423
7/20/2019,18:47:00,60.0021,13.3894,2.0,7886.2423
7/20/2019,18:50:00,60.0021,13.3894,2.0,7886.2423
7/20/2019,18:52:00,60.0021,13.3894,2.0,7886.097914130109
7/20/2019,18:54:00,60.0021,13.3894,2.0,7885.580030809124
7/20/2019,18:56:00,60.00282074276076,13.3894,2.0,7885.062147488138
7/20/2019,18:58:00,60.00540590330869,13.3894,2.0,7884.5996
7/20/2019,19:00:00,60.00799106385662,13.3894,2.0,7884.5996
7/20/2019,19:02:00,60.0103,13.3894,2.0,7884.5996
7/20/2019,19:04:00,60.0103,13.3894,2.0,7884.5996
7/20/2019,19:07:00,60.0103,13.3894,2.0,7884.841678951765
7/20/2019,19:09:00,60.0103,13.3894,2.0,7885.100600767654
7/20/2019,19:11:00,60.0103,13.3894,2.0,7885.359522583543
7/20/2019,19:13:00,60.0103,13.3894,2.0,7885.4209
7/20/2019,19:15:00,60.0103,13.3894,2.0,7885.4209
7/20/2019,19:17:00,60.0103,13.3894,2.0,7885.4209
7/20/2019,19:19:00,60.0103,13.3894,2.0,7885.4209
7/20/2019,19:21:00,60.0103,13.3894,2.0,7885.4209
7/20/2019,19:24:00,60.0103,13.3894,2.0,7885.4209
7/20/2019,19:26:00,60.0103,13.3894,2.0,7885.4209
7/20/2019,19:28:00,60.0103,13.3894,2.0,7885.4209
7/20/2019,19:30:00,60.0103,13.3894,2.0,7885.4209
7/20/2019,19:32:00,60.0103,13.3894,2.0,7885.4209
7/20/2019,19:34:00,60.0103,13.3894,2.0,7885.4209
7/20/2019,19:36:00,60.0103,13.3894,2.0,7885.4209
7/20/2019,19:39:00,60.0103,13.3894,2.0,7885.401441718816
7/20/2019,19:41:00,60.0103,13.3894,2.0,7885.142515821498
7/20/2019,19:43:00,60.0103,13.3894,2.0,7884.8835899241785
7/20/2019,19:45:00,60.0103,13.3894,2.0,7884.62466402686
7/20/2019,19:47:00,60.0103,13.3894,2.0,7884.5996
7/20/2019,19:49:00,60.0103,13.3894,2.0,7884.5996
7/20/2019,19:51:00,60.0103,13.3894,2.0,7884.5996
7/20/2019,19:53:00,60.0103,13.3894,2.0,7884.5996
7/20/2019,19:56:00,60.0103,13.3894,2.0,7884.5996
7/20/2019,19:58:00,60.0103,13.3894,2.0,7884.5996
7/20/2019,20:00:00,60.0103,13.3894,2.0,7884.5996
7/20/2019,20:02:00,60.0103,13.3894,2.0,7884.5996
7/20/2019,20:04:00,60.0103,13.3894,2.0,7884.5996
7/20/2019,20:06:00,60.0103,13.3894,2.0,7884.5996
7/20/2019,20:08:00,60.0103,13.3894,2.0,7884.5996
7/20/2019,20:10:00,60.0103,13.3894,2.0,7884.5996
7/20/2019,20:13:00,60.0103,13.3894,2.0,7884.5996
7/20/2019,20:15:00,60.0103,13.3894,2.0,7884.5996
7/20/2019,20:17:00,60.0103,13.3894,2.0,7884.5996
7/20/2019,20:19:00,60.0103,13.3894,2.0,7884.5996
7/20/2019,20:21:00,60.0103,13.3894,2.0,7884.5996
7/20/2019,20:23:00,60.0103,13.3894,2.0,7884.5996
7/20/2019,20:25:00,60.0103,13.3894,2.0,7884.5996
7/20/2019,20:27:00,60.0103,13.3894,2.0,7884.5996
7/20/2019,20:30:00,60.0103,13.3894,2.0,7884.5996
7/20/2019,20:32:00,60.0103,13.3894,2.0,7884.5996
7/20/2019,20:34:00,60.0103,13.3894,2.0,7884.5996
7/20/2019,20:36:00,60.0103,13.389454949558639,2.0,7884.5996
7/20/2019,20:38:00,60.0103,13.389518001261035,2.0,7884.5996
7/20/2019,20:40:00,60.0103,13.389581052963429,2.0,7884.5996
7/20/2019,20:42:00,60.0103,13.3896,2.0,7884.5996
7/20/2019,20:44:00,60.0103,13.3896,2.0,7884.5996
7/20/2019,20:47:00,60.0103,13.3896,2.0,7884.5996
7/20/2019,20:49:00,60.0103,13.3896,2.0,7884.5996
7/20/2019,20:51:00,60.0103,13.3896,2.0,7884.5996
7/20/2019,20:53:00,60.0103,13.3896,2.0,7884.552042469143
7/20/2019,20:55:00,60.0103,13.3896,2.0,7884.293085045477
7/20/2019,20:57:00,60.0103,13.3896,2.0,7884.03412762181
7/20/2019,20:59:00,60.0103,13.3896,2.0,7883.7782
7/20/2019,21:01:00,60.0103,13.3896,2.0,7883.7782
7/20/2019,21:04:00,60.0103,13.3896,2.0,7883.7782
7/20/2019,21:06:00,60.0103,13.3896,2.0,7883.7782
7/20/2019,21:08:00,60.0103,13.3896,2.0,7883.7782
7/20/2019,21:10:00,60.0103,13.3896,2.0,7883.7782
7/20/2019,21:12:00,60.0103,13.3896,2.0,7883.7782
7/20/2019,21:14:00,60.0103,13.3896,2.0,7883.7782
7/20/2019,21:16:00,60.0103,13.3896,2.0,7883.7782
7/20/2019,21:18:00,60.00857362978609,13.3896,2.0,7883.7782
7/20/2019,21:21:00,60.00598846923816,13.3896,2.0,7883.7782
7/20/2019,21:23:00,60.00340330869024,13.3896,2.0,7883.7782
7/20/2019,21:25:00,60.0021,13.3896,2.0,7883.7782
7/20/2019,21:27:00,60.0021,13.3896,2.0,7883.7782
7/20/2019,21:29:00,60.0021,13.3896,2.0,7883.7782
7/20/2019,21:31:00,60.0021,13.3896,2.0,7883.7782
7/20/2019,21:33:00,60.0021,13.3896,2.0,7883.7782
7/20/2019,21:35:00,60.0021,13.3896,2.0,7883.7782
7/20/2019,21:38:00,60.0021,13.3896,2.0,7883.7782
7/20/2019,21:40:00,60.0021,13.3896,2.0,7883.7782
7/20/2019,21:42:00,60.0021,13.3896,2.0,7883.524452620628
7/20/2019,21:44:00,60.0021,13.3896,2.0,7883.2655267233085
7/20/2019,21:46:00,60.0021,13.3896,2.0,7883.00660082599
7/20/2019,21:48:00,60.0021,13.3896,2.0,7882.9569
7/20/2019,21:50:00,60.0021,13.3896,2.0,7882.9569
7/20/2019,21:52:00,60.0021,13.3896,2.0,7882.9569
7/20/2019,21:55:00,60.0021,13.3896,2.0,7882.9569
7/20/2019,21:57:00,60.0021,13.3896,2.0,7882.9569
7/20/2019,21:59:00,60.0021,13.3896,2.0,7882.9569
7/20/2019,22:01:00,60.0021,13.3896,2.0,7882.9569
7/20/2019,22:03:00,60.0021,13.389620054226173,2.0,7882.9569
7/20/2019,22:05:00,60.0021,13.389651581071282,2.0,7882.9569
7/20/2019,22:07:00,60.0021,13.38968310791639,2.0,7882.9569
7/20/2019,22:09:00,60.0021,13.3897,2.0,7882.9569
7/20/2019,22:12:00,60.0021,13.3897,2.0,7882.9569
7/20/2019,22:14:00,60.0021,13.3897,2.0,7882.9257733176755
7/20/2019,22:16:00,60.0021,13.3897,2.0,7882.666815894008
7/20/2019,22:18:00,60.0021,13.3897,2.0,7882.407858470342
7/20/2019,22:20:00,60.0021,13.3897,2.0,7882.148901046675
7/20/2019,22:22:00,60.0021,13.3897,2.0,7882.1355
7/20/2019,22:24:00,60.0021,13.3897,2.0,7882.1355
7/20/2019,22:27:00,60.0021,13.3897,2.0,7882.1355
7/20/2019,22:29:00,60.0021,13.3897,2.0,7882.1355
7/20/2019,22:31:00,60.0021,13.3897,2.0,7882.1355
7/20/2019,22:33:00,60.0021,13.3897,2.0,7882.1355
7/20/2019,22:35:00,60.0021,13.3897,2.0,7882.1355
7/20/2019,22:37:00,60.0021,13.3897,2.0,7882.1355
7/20/2019,22:39:00,59.995812526994435,13.3897,2.0,7882.1355
7/20/2019,22:41:00,59.98540883210643,13.3897,2.0,7882.1355
7/20/2019,22:44:00,59.975005137218425,13.3897,2.0,7882.1355
7/20/2019,22:46:00,59.9691,13.3897,2.0,7882.1355
7/20/2019,22:48:00,59.9691,13.3897,2.0,7882.068050866961
7/20/2019,22:50:00,59.9691,13.389727264415649,2.0,7881.809129051072
7/20/2019,22:52:00,59.9691,13.389790318105867,2.0,7881.550207235183
7/20/2019,22:54:00,59.9691,13.389853371796084,2.0,7881.3142
7/20/2019,22:56:00,59.9691,13.3899,2.0,7881.3142
7/20/2019,22:58:00,59.9691,13.3899,2.0,7881.3142
7/20/2019,23:01:00,59.9691,13.3899,2.0,7881.3142
7/20/2019,23:03:00,59.9691,13.3899,2.0,7881.3142
7/20/2019,23:05:00,59.9691,13.3899,2.0,7881.3142
7/20/2019,23:07:00,59.9691,13.3899,2.0,7881.3142
7/20/2019,23:09:00,59.9691,13.3899,2.0,7881.3142
7/20/2019,23:11:00,59.9691,13.389957790948786,2.0,7881.3142
7/20/2019,23:13:00,59.9691,13.390020843645077,2.0,7881.3142
7/20/2019,23:15:00,59.9691,13.390083896341368,2.0,7881.3142
7/20/2019,23:18:00,59.9691,13.3901,2.0,7881.3142
7/20/2019,23:20:00,59.9691,13.3901,2.0,7881.3142
7/20/2019,23:22:00,59.9691,13.3901,2.0,7881.210435760337
7/20/2019,23:24:00,59.9691,13.3901,2.0,7880.951478336669
7/20/2019,23:26:00,59.9691,13.3901,2.0,7880.692520913003
7/20/2019,23:28:00,59.9691,13.3901,2.0,7880.4928
7/20/2019,23:30:00,59.9691,13.3901,2.0,7880.4928
7/20/2019,23:32:00,59.9691,13.3901,2.0,7880.4928
7/20/2019,23:35:00,59.9691,13.3901,2.0,7880.4928
7/20/2019,23:37:00,59.9691,13.3901,2.0,7880.4928
7/20/2019,23:39:00,59.9691,13.3901,2.0,7880.4928
7/20/2019,23:41:00,59.9691,13.3901,2.0,7880.4928
7/20/2019,23:43:00,59.9691,13.3901,2.0,7880.4928
7/20/2019,23:45:00,59.9691,13.3901,2.0,7880.4928
7/20/2019,23:47:00,59.96681252068917,13.3901,2.0,7880.4928
7/20/2019,23:49:00,59.96422736014124,13.3901,2.0,7880.308211727802
7/20/2019,23:52:00,59.961642199593314,13.390127896089156,2.0,7880.049285830483
7/20/2019,23:54:00,59.9609,13.390159422437302,2.0,7879.790359933165
7/20/2019,23:56:00,59.9609,13.390190948785447,2.0,7879.6715
7/20/2019,23:58:00,59.9609,13.390244950267185,2.0,7879.6715
7/21/2019,0:00:00,59.9609,13.390308002963476,2.0,7879.6715
7/21/2019,0:02:00,59.9609,13.390371055659767,2.0,7879.6715
7/21/2019,0:04:00,59.9609,13.390434107818411,2.0,7879.6715
7/21/2019,0:06:00,59.9609,13.390497159520807,2.0,7879.6715
7/21/2019,0:09:00,59.9609,13.390560211223203,2.0,7879.6715
7/21/2019,0:11:00,59.9609,13.390611631829502,2.0,7879.6715
7/21/2019,0:13:00,59.9609,13.390643158674612,2.0,7879.6715
7/21/2019,0:15:00,59.9609,13.39067468551972,2.0,7879.665012326803
7/21/2019,0:17:00,59.9609,13.390718636506936,2.0,7879.406023376788
7/21/2019,0:19:00,59.9609,13.39081321406053,2.0,7879.147034426773
7/21/2019,0:21:00,59.9609,13.390907791614124,2.0,7878.888045476758
7/21/2019,0:23:00,59.9609,13.391,2.0,7878.85
7/21/2019,0:26:00,59.9609,13.391,2.0,7878.85
7/21/2019,0:28:00,59.9609,13.391,2.0,7878.85
7/21/2019,0:30:00,59.9609,13.391,2.0,7878.673632625042
7/21/2019,0:32:00,59.9609,13.391053790255206,2.0,7878.414706727723
7/21/2019,0:34:00,59.9609,13.391116842951497,2.0,7878.155780830404
7/21/2019,0:36:00,59.9609,13.391179895647788,2.0,7878.0287
7/21/2019,0:38:00,59.9609,13.391242948344079,2.0,7878.0287
7/21/2019,0:40:00,59.9609,13.39130600104037,2.0,7878.0287
7/21/2019,0:43:00,59.9609,13.39136905373666,2.0,7877.941377241129
7/21/2019,0:45:00,59.9609,13.391416053216476,2.0,7877.6824513438105
7/21/2019,0:47:00,59.9609,13.391447579564622,2.0,7877.423525446492
7/21/2019,0:49:00,59.9609,13.391479105912767,2.0,7877.2074
7/21/2019,0:51:00,59.9609,13.391521264521824,2.0,7877.2074
7/21/2019,0:53:00,59.9609,13.391584317218115,2.0,7877.2074
7/21/2019,0:55:00,59.9609,13.391647369914406,2.0,7877.2074
7/21/2019,0:57:00,59.9609,13.391689577389304,2.0,7876.950164643201
7/21/2019,1:00:00,59.9609,13.391626524693013,2.0,7876.691207219534
7/21/2019,1:02:00,59.9609,13.391563471996722,2.0,7876.432249795867
7/21/2019,1:04:00,59.9609,13.391500419300431,2.0,7876.386
7/21/2019,1:06:00,59.9609,13.3915,2.0,7876.386
7/21/2019,1:08:00,59.96517279749051,13.3915,2.0,7876.386
7/21/2019,1:10:00,59.97037464493451,13.3915,2.0,7876.386
7/21/2019,1:12:00,59.97557649237851,13.3915,2.0,7876.386
7/21/2019,1:14:00,59.9774,13.3915,2.0,7876.386
7/21/2019,1:17:00,59.9774,13.3915,2.0,7876.262362884031
7/21/2019,1:19:00,59.9774,13.391479525213198,2.0,7876.003436986712
7/21/2019,1:21:00,59.9774,13.391447998865052,2.0,7875.744511089393
7/21/2019,1:23:00,59.9774,13.391416472516907,2.0,7875.5647
7/21/2019,1:25:00,59.9774,13.3914,2.0,7875.5647
7/21/2019,1:27:00,59.98056921609736,13.3914,2.0,7875.5647
7/21/2019,1:29:00,59.99094138463721,13.3914,2.0,7875.530103288198
7/21/2019,1:32:00,60.00131355317707,13.3914,2.0,7875.271145864531
7/21/2019,1:34:00,60.0103,13.3914,2.0,7875.0121884408645
7/21/2019,1:36:00,60.0103,13.3914,2.0,7874.753231017197
7/21/2019,1:38:00,60.0103,13.3914,2.0,7874.7433
7/21/2019,1:40:00,60.0103,13.3914,2.0,7874.7433
7/21/2019,1:42:00,60.0103,13.3914,2.0,7874.7433
7/21/2019,1:44:00,60.0103,13.3914,2.0,7874.538839165182
7/21/2019,1:46:00,60.0103,13.3914,2.0,7874.279913267864
7/21/2019,1:49:00,60.0103,13.3914,2.0,7874.020987370544
7/21/2019,1:51:00,60.0103,13.3914,2.0,7873.922
7/21/2019,1:53:00,60.0103,13.3914,2.0,7873.922
7/21/2019,1:55:00,60.0103,13.3914,2.0,7873.922
7/21/2019,1:57:00,60.0103,13.3914,2.0,7873.922
7/21/2019,1:59:00,60.0103,13.3914,2.0,7873.922
7/21/2019,2:01:00,60.0103,13.3914,2.0,7873.922
7/21/2019,2:03:00,60.0103,13.3914,2.0,7873.851097457399
7/21/2019,2:06:00,60.0103,13.3914,2.0,7873.592140033733
7/21/2019,2:08:00,60.0103,13.3914,2.0,7873.333182610066
7/21/2019,2:10:00,60.0103,13.3914,2.0,7873.074228397358
7/21/2019,2:12:00,60.0103,13.3914,2.0,7872.815302500039
7/21/2019,2:14:00,60.01056329860181,13.3914,2.0,7872.556376602721
7/21/2019,2:16:00,60.01314845914973,13.3914,2.0,7872.297450705402
7/21/2019,2:18:00,60.01573361969766,13.3914,2.0,7872.2793
7/21/2019,2:20:00,60.01831878024559,13.3914,2.0,7872.2793
7/21/2019,2:23:00,60.0185,13.3914,2.0,7872.2793
7/21/2019,2:25:00,60.0185,13.3914,2.0,7872.083023220732
7/21/2019,2:27:00,60.0185,13.3914,2.0,7871.8240657970655
7/21/2019,2:29:00,60.0185,13.3914,2.0,7871.565108373398
7/21/2019,2:31:00,60.0185,13.3914,2.0,7871.154420373902
7/21/2019,2:33:00,60.0185,13.3914,2.0,7870.636537052917
7/21/2019,2:35:00,60.0185,13.3914,2.0,7870.118653731932
7/21/2019,2:37:00,60.0185,13.3914,2.0,7869.600757357462
7/21/2019,2:40:00,60.0185,13.391363051119974,2.0,7869.082842510128
7/21/2019,2:42:00,60.01742961427513,13.391299998423683,2.0,7868.564927662795
7/21/2019,2:44:00,60.01484445372721,13.39123694572739,2.0,7868.10971404026
7/21/2019,2:46:00,60.01225929317928,13.3912,2.0,7867.8507881429405
7/21/2019,2:48:00,60.0103,13.3912,2.0,7867.591862245622
7/21/2019,2:50:00,60.0103,13.3912,2.0,7867.3511
7/21/2019,2:52:00,60.0103,13.3912,2.0,7867.3511
7/21/2019,2:54:00,60.010118650987565,13.3912,2.0,7867.3511
7/21/2019,2:57:00,60.007533490439634,13.3912,2.0,7867.3511
7/21/2019,2:59:00,60.004948329891704,13.391204423146645,2.0,7867.3511
7/21/2019,3:01:00,60.00236316934378,13.391267475842936,2.0,7867.3511
7/21/2019,3:03:00,60.0021,13.391330528539227,2.0,7867.3511
7/21/2019,3:05:00,60.0021,13.39139358123552,2.0,7867.3511
7/21/2019,3:07:00,60.0021,13.3914,2.0,7867.3511
7/21/2019,3:09:00,60.0021,13.3914,2.0,7867.3511
7/21/2019,3:11:00,60.0021,13.3914,2.0,7867.3511
7/21/2019,3:14:00,60.0021,13.391422897225725,2.0,7867.3511
7/21/2019,3:16:00,60.0021,13.391454423076924,2.0,7867.3511
7/21/2019,3:18:00,60.0021,13.391485948928121,2.0,7867.3511
7/21/2019,3:20:00,60.0021,13.3915,2.0,7867.3511
7/21/2019,3:22:00,60.0021,13.3915,2.0,7867.3511
7/21/2019,3:24:00,60.0021,13.3915,2.0,7867.4055771500625
7/21/2019,3:26:00,60.0021,13.391524108198427,2.0,7867.664498965952
7/21/2019,3:28:00,60.0021,13.391587160894717,2.0,7867.923420781842
7/21/2019,3:31:00,60.0021,13.391650213591008,2.0,7868.1724
7/21/2019,3:33:00,60.0021,13.3917,2.0,7868.1724
7/21/2019,3:35:00,60.0021,13.3917,2.0,7868.1724
7/21/2019,3:37:00,60.0021,13.3917,2.0,7868.1724
7/21/2019,3:39:00,60.0021,13.3917,2.0,7868.396773659736
7/21/2019,3:41:00,60.0021,13.3917,2.0,7868.655731083403
7/21/2019,3:43:00,60.0021,13.3917,2.0,7868.91468850707
7/21/2019,3:45:00,60.0021,13.3917,2.0,7869.1736487657245
7/21/2019,3:48:00,60.0021,13.391645367991298,2.0,7869.432610271447
7/21/2019,3:50:00,60.0021,13.391582315295008,2.0,7869.691571777168
7/21/2019,3:52:00,60.0021,13.391519262598717,2.0,7869.8152
7/21/2019,3:54:00,60.0021,13.3915,2.0,7869.8152
7/21/2019,3:56:00,60.0021,13.3915,2.0,7869.8152
7/21/2019,3:58:00,60.0021,13.3915,2.0,7869.905990472737
7/21/2019,4:00:00,60.0021,13.3915,2.0,7870.164947896405
7/21/2019,4:02:00,60.0021,13.3915,2.0,7870.423905320071
7/21/2019,4:05:00,60.0021,13.3915,2.0,7870.6366
7/21/2019,4:07:00,60.0021,13.39148894686234,2.0,7870.6366
7/21/2019,4:09:00,60.0021,13.391457420514195,2.0,7870.6366
7/21/2019,4:11:00,60.0021,13.39142589416605,2.0,7870.6383348035115
7/21/2019,4:13:00,60.0021,13.3914,2.0,7870.897260700831
7/21/2019,4:15:00,60.0021,13.3914,2.0,7871.156186598149
7/21/2019,4:17:00,60.0021,13.3914,2.0,7871.415112495469
7/21/2019,4:19:00,60.0021,13.3914,2.0,7871.4579
7/21/2019,4:22:00,60.0021,13.3914,2.0,7871.4579
7/21/2019,4:24:00,60.0021,13.3914,2.0,7871.4579
7/21/2019,4:26:00,60.0021,13.3914,2.0,7871.629536980407
7/21/2019,4:28:00,60.0021,13.39134736676177,2.0,7871.888494404074
7/21/2019,4:30:00,60.0021,13.39128431406548,2.0,7872.14745182774
7/21/2019,4:32:00,60.0021,13.39122126136919,2.0,7872.2793
7/21/2019,4:34:00,60.0021,13.3912,2.0,7872.2793
7/21/2019,4:37:00,60.0021,13.3912,2.0,7872.2793
7/21/2019,4:39:00,60.0021,13.3912,2.0,7872.2793
7/21/2019,4:41:00,60.0021,13.3912,2.0,7872.2793
7/21/2019,4:43:00,60.0021,13.3912,2.0,7872.2793
7/21/2019,4:45:00,60.0021,13.3912,2.0,7872.2793
7/21/2019,4:47:00,60.0021,13.3912,2.0,7872.2793
7/21/2019,4:49:00,60.0021,13.3912,2.0,7872.2793
7/21/2019,4:51:00,60.0021,13.3912,2.0,7872.2793
7/21/2019,4:54:00,60.0021,13.39120926559372,2.0,7872.2793
7/21/2019,4:56:00,60.0021,13.39127231829001,2.0,7872.2793
7/21/2019,4:58:00,60.0021,13.391335370986303,2.0,7872.2793
7/21/2019,5:00:00,60.0021,13.391398423682594,2.0,7872.487230441842
7/21/2019,5:02:00,60.0021,13.3914,2.0,7872.746156339161
7/21/2019,5:04:00,60.0021,13.3914,2.0,7873.005082236479
7/21/2019,5:06:00,60.0021,13.3914,2.0,7873.1006
7/21/2019,5:08:00,60.0021,13.3914,2.0,7873.1006
7/21/2019,5:11:00,60.0021,13.3914,2.0,7873.1006
7/21/2019,5:13:00,60.0021,13.3914,2.0,7873.21949842686
7/21/2019,5:15:00,60.0021,13.391419896278315,2.0,7873.4784517686
7/21/2019,5:17:00,60.0021,13.39145142262646,2.0,7873.73740511034
7/21/2019,5:19:00,60.0021,13.391482948974605,2.0,7873.922
7/21/2019,5:21:00,60.0021,13.3915,2.0,7873.922
7/21/2019,5:23:00,60.0021,13.3915,2.0,7873.922
7/21/2019,5:25:00,60.0021,13.3915,2.0,7873.922
7/21/2019,5:28:00,60.0021,13.3915,2.0,7873.922
7/21/2019,5:30:00,60.0021,13.3915,2.0,7873.922
7/21/2019,5:32:00,60.0021,13.3915,2.0,7873.922
7/21/2019,5:34:00,60.0021,13.391507263670613,2.0,7874.166231852646
7/21/2019,5:36:00,60.0021,13.391570316366904,2.0,7874.4251577499645
7/21/2019,5:38:00,60.0021,13.391633369063195,2.0,7874.684083647283
7/21/2019,5:40:00,60.0021,13.391696421759486,2.0,7874.9430338608745
7/21/2019,5:42:00,60.0021,13.3917,2.0,7875.201991284541
7/21/2019,5:45:00,60.0021,13.3917,2.0,7875.460948708208
7/21/2019,5:47:00,60.0021,13.3917,2.0,7875.5647
7/21/2019,5:49:00,60.0021,13.3917,2.0,7875.5647
7/21/2019,5:51:00,60.0021,13.3917,2.0,7875.5647
7/21/2019,5:53:00,60.0021,13.3917,2.0,7875.675364928514
7/21/2019,5:55:00,60.0021,13.3917,2.0,7875.934290825833
7/21/2019,5:57:00,60.0021,13.3917,2.0,7876.193216723152
7/21/2019,5:59:00,60.0021,13.3917,2.0,7876.518293294346
7/21/2019,6:02:00,60.0021,13.3917,2.0,7877.036176615332
7/21/2019,6:04:00,60.0021,13.3917,2.0,7877.554059936317
7/21/2019,6:06:00,60.0021,13.3917,2.0,7878.0287
7/21/2019,6:08:00,60.0021,13.391716106811268,2.0,7878.0287
7/21/2019,6:10:00,60.0021,13.391779159507559,2.0,7878.0287
7/21/2019,6:12:00,60.0021,13.39184221220385,2.0,7878.0287
7/21/2019,6:14:00,60.0021,13.3919,2.0,7878.264733127365
7/21/2019,6:16:00,60.0021,13.3919,2.0,7878.523654943254
7/21/2019,6:19:00,60.0021,13.3919,2.0,7878.782576759143
7/21/2019,6:21:00,60.0021,13.3919,2.0,7879.233049821089
7/21/2019,6:23:00,60.0021,13.3919,2.0,7879.750964668422
7/21/2019,6:25:00,60.0021,13.3919,2.0,7880.2688795157555
7/21/2019,6:27:00,60.0021,13.3919,2.0,7880.4928
7/21/2019,6:29:00,60.0021,13.3919,2.0,7880.4928
7/21/2019,6:31:00,60.0021,13.3919,2.0,7880.4928
7/21/2019,6:33:00,60.0021,13.3919,2.0,7880.595269452545
7/21/2019,6:36:00,60.0021,13.3919,2.0,7880.854226876212
7/21/2019,6:38:00,60.0021,13.3919,2.0,7881.113184299878
7/21/2019,6:40:00,60.0021,13.3919,2.0,7881.3142
7/21/2019,6:42:00,60.0021,13.3919,2.0,7881.3142
7/21/2019,6:44:00,60.0021,13.3919,2.0,7881.3142
7/21/2019,6:46:00,60.0021,13.3919,2.0,7881.3142
7/21/2019,6:48:00,60.0021,13.3919,2.0,7881.3142
7/21/2019,6:50:00,60.0021,13.3919,2.0,7881.3142
7/21/2019,6:53:00,60.0021,13.3919,2.0,7881.3142
7/21/2019,6:55:00,60.0021,13.391901633039092,2.0,7881.3142
7/21/2019,6:57:00,60.0021,13.39193315889029,2.0,7881.3142
7/21/2019,6:59:00,60.0021,13.391964684741488,2.0,7881.3142
7/21/2019,7:01:00,60.0021,13.391996210592685,2.0,7881.3142
7/21/2019,7:03:00,60.0021,13.392,2.0,7881.3142
7/21/2019,7:05:00,60.0021,13.392,2.0,7881.3142
7/21/2019,7:07:00,60.0021,13.392,2.0,7881.3142
7/21/2019,7:10:00,60.0021,13.392,2.0,7881.3142
7/21/2019,7:12:00,60.0021,13.392,2.0,7881.3142
7/21/2019,7:14:00,60.0021,13.392,2.0,7881.3142
7/21/2019,7:16:00,60.0021,13.392,2.0,7881.3142
7/21/2019,7:18:00,60.00020678762275,13.392,2.0,7881.3142
7/21/2019,7:20:00,59.99500494017875,13.392,2.0,7881.3142
7/21/2019,7:22:00,59.98980309273475,13.392,2.0,7881.3142
7/21/2019,7:25:00,59.9856,13.392,2.0,7881.3142
7/21/2019,7:27:00,59.9856,13.392,2.0,7881.3142
7/21/2019,7:29:00,59.9856,13.392,2.0,7881.3142
7/21/2019,7:31:00,59.9856,13.392,2.0,7881.3142
7/21/2019,7:33:00,59.9856,13.392,2.0,7881.3142
7/21/2019,7:35:00,59.9856,13.392,2.0,7881.3142
7/21/2019,7:37:00,59.9856,13.392,2.0,7881.3142
7/21/2019,7:39:00,59.978995553278686,13.392,2.0,7881.3142
7/21/2019,7:42:00,59.97120866803279,13.392,2.0,7881.3142
7/21/2019,7:44:00,59.96342178278689,13.392,2.0,7881.3142
7/21/2019,7:46:00,59.9609,13.392,2.0,7881.3142
7/21/2019,7:48:00,59.9609,13.392,2.0,7881.3142
7/21/2019,7:50:00,59.9609,13.391978683459701,2.0,7881.3142
7/21/2019,7:52:00,59.9609,13.391947157111556,2.0,7881.3142
7/21/2019,7:54:00,59.9609,13.39191563076341,2.0,7881.3142
7/21/2019,7:56:00,59.9609,13.39186820883053,2.0,7881.3142
7/21/2019,7:59:00,59.9609,13.39180515613424,2.0,7881.3142
7/21/2019,8:01:00,59.9609,13.391742103437949,2.0,7881.3142
7/21/2019,8:03:00,59.9609,13.3917,2.0,7881.3142
7/21/2019,8:05:00,59.9609,13.3917,2.0,7881.3142
7/21/2019,8:07:00,59.9609,13.3917,2.0,7881.3142
7/21/2019,8:09:00,59.9609,13.3917,2.0,7881.3142
7/21/2019,8:11:00,59.9609,13.3917,2.0,7881.3142
7/21/2019,8:13:00,59.9609,13.3917,2.0,7881.3142
7/21/2019,8:16:00,59.9609,13.3917,2.0,7881.3142
7/21/2019,8:18:00,59.9609,13.3917,2.0,7881.3142
7/21/2019,8:20:00,59.9609,13.3917,2.0,7881.3142
7/21/2019,8:22:00,59.9609,13.3917,2.0,7881.3142
7/21/2019,8:24:00,59.9609,13.3917,2.0,7881.3142
7/21/2019,8:26:00,59.95756798656978,13.3917,2.0,7881.3142
7/21/2019,8:28:00,59.95239766547392,13.3917,2.0,7881.3142
7/21/2019,8:30:00,59.947227344378064,13.3917,2.0,7881.3142
7/21/2019,8:33:00,59.9445,13.3917,2.0,7881.3142
7/21/2019,8:35:00,59.9445,13.3917,2.0,7881.3142
7/21/2019,8:37:00,59.9445,13.3917,2.0,7881.3142
7/21/2019,8:39:00,59.9445,13.3917,2.0,7881.3142
7/21/2019,8:41:00,59.9445,13.3917,2.0,7881.3142
7/21/2019,8:43:00,59.9445,13.3917,2.0,7881.3142
7/21/2019,8:45:00,59.9445,13.3917,2.0,7881.3142
7/21/2019,8:47:00,59.9445,13.3917,2.0,7881.3142
7/21/2019,8:50:00,59.9445,13.3917,2.0,7881.3142
7/21/2019,8:52:00,59.9445,13.3917,2.0,7881.3142
7/21/2019,8:54:00,59.9445,13.3917,2.0,7881.3142
7/21/2019,8:56:00,59.9445,13.3917,2.0,7881.3142
7/21/2019,8:58:00,59.9445,13.3917,2.0,7881.3142
7/21/2019,9:00:00,59.9445,13.3917,2.0,7881.3142
7/21/2019,9:02:00,59.9445,13.3917,2.0,7881.3142
7/21/2019,9:04:00,59.9445,13.3917,2.0,7881.3142
7/21/2019,9:07:00,59.9445,13.3917,2.0,7881.3142
7/21/2019,9:09:00,59.9445,13.3917,2.0,7881.3142
7/21/2019,9:11:00,59.9445,13.3917,2.0,7881.3142
7/21/2019,9:13:00,59.9445,13.3917,2.0,7881.3142
7/21/2019,9:15:00,59.9445,13.3917,2.0,7881.244592244518
7/21/2019,9:17:00,59.9445,13.3917,2.0,7880.985634820851
7/21/2019,9:19:00,59.9445,13.3917,2.0,7880.726677397184
7/21/2019,9:21:00,59.9445,13.3917,2.0,7880.4928
7/21/2019,9:24:00,59.9445,13.3917,2.0,7880.4928
7/21/2019,9:26:00,59.9445,13.3917,2.0,7880.4928
7/21/2019,9:28:00,59.9445,13.3917,2.0,7880.4928
7/21/2019,9:30:00,59.9445,13.3917,2.0,7880.4928
7/21/2019,9:32:00,59.9445,13.3917,2.0,7880.4928
7/21/2019,9:34:00,59.946891014990776,13.3917,2.0,7880.4928
7/21/2019,9:36:00,59.949476175538706,13.3917,2.0,7880.297841745614
7/21/2019,9:38:00,59.952061336086636,13.3917583174388,2.0,7880.038915848296
7/21/2019,9:41:00,59.95464649663457,13.39182137013509,2.0,7879.779989950976
7/21/2019,9:43:00,59.95723165718249,13.391884422831382,2.0,7879.6715
7/21/2019,9:45:00,59.95981681773042,13.3919,2.0,7879.6715
7/21/2019,9:47:00,59.9609,13.3919,2.0,7879.6715
7/21/2019,9:49:00,59.9609,13.3919,2.0,7879.6715
7/21/2019,9:51:00,59.9609,13.3919,2.0,7879.6715
7/21/2019,9:53:00,59.96195745992213,13.3919,2.0,7879.6715
7/21/2019,9:55:00,59.964542620470056,13.3919,2.0,7879.610093719952
7/21/2019,9:58:00,59.967127781017986,13.3919,2.0,7879.351104769937
7/21/2019,10:00:00,59.969720416463055,13.3919,2.0,7879.092115819922
7/21/2019,10:02:00,59.97233710335913,13.3919,2.0,7878.8331309777905
7/21/2019,10:04:00,59.974953790255206,13.3919,2.0,7878.574205080471
7/21/2019,10:06:00,59.9774,13.3919,2.0,7878.315279183153
7/21/2019,10:08:00,59.9774,13.3919,2.0,7878.056353285833
7/21/2019,10:10:00,59.9774,13.3919,2.0,7878.0287
7/21/2019,10:12:00,59.9774,13.3919,2.0,7878.0287
7/21/2019,10:15:00,59.97970906540141,13.3919,2.0,7878.0287
7/21/2019,10:17:00,59.98229422594934,13.3919,2.0,7877.6551825425595
7/21/2019,10:19:00,59.98487938649726,13.3919,2.0,7877.137307384931
7/21/2019,10:21:00,59.9856,13.3919,2.0,7876.619432227301
7/21/2019,10:23:00,59.9856,13.3919,2.0,7876.386
7/21/2019,10:25:00,59.9856,13.3919,2.0,7876.386
7/21/2019,10:27:00,59.9856,13.3919,2.0,7876.386
7/21/2019,10:30:00,59.9856,13.3919,2.0,7876.288307258942
7/21/2019,10:32:00,59.9856,13.3919,2.0,7876.029381361624
7/21/2019,10:34:00,59.9856,13.3919,2.0,7875.770455464304
7/21/2019,10:36:00,59.9856,13.3919,2.0,7875.51152309305
7/21/2019,10:38:00,59.9856,13.3919,2.0,7875.252565669383
7/21/2019,10:40:00,59.9856,13.3919,2.0,7874.993608245716
7/21/2019,10:42:00,59.9856,13.3919,2.0,7874.734651875029
7/21/2019,10:44:00,59.9856,13.3919,2.0,7874.475725977711
7/21/2019,10:47:00,59.9856,13.3919,2.0,7874.216800080392
7/21/2019,10:49:00,59.9856,13.3919,2.0,7873.957874183073
7/21/2019,10:51:00,59.9856,13.391897894039943,2.0,7873.922
7/21/2019,10:53:00,59.9856,13.391834841343654,2.0,7873.922
7/21/2019,10:55:00,59.9856,13.391771788647363,2.0,7873.922
7/21/2019,10:57:00,59.9856,13.391708735951072,2.0,7873.922
7/21/2019,10:59:00,59.9856,13.3917,2.0,7873.922
7/21/2019,11:01:00,59.9856,13.3917,2.0,7873.922
7/21/2019,11:04:00,59.9856,13.3917,2.0,7873.922
7/21/2019,11:06:00,59.9856,13.391743474834092,2.0,7873.922
7/21/2019,11:08:00,59.9856,13.391806527530383,2.0,7873.922
7/21/2019,11:10:00,59.9856,13.391869580226674,2.0,7873.922
7/21/2019,11:12:00,59.9856,13.3919,2.0,7873.922
7/21/2019,11:14:00,59.9856,13.3919,2.0,7873.922
7/21/2019,11:16:00,59.9856,13.3919,2.0,7873.8770198045395
7/21/2019,11:18:00,59.9856,13.3919,2.0,7873.618066462799
7/21/2019,11:21:00,59.9856,13.3919,2.0,7873.359113121059
7/21/2019,11:23:00,59.9856,13.3919,2.0,7873.1006
7/21/2019,11:25:00,59.9856,13.391905476040353,2.0,7873.1006
7/21/2019,11:27:00,59.98560884314065,13.39193700189155,2.0,7873.1006
7/21/2019,11:29:00,59.99081069058466,13.39196852774275,2.0,7873.1006
7/21/2019,11:31:00,59.99601253802866,13.392,2.0,7873.1006
7/21/2019,11:33:00,60.001214385472665,13.392,2.0,7873.1006
7/21/2019,11:35:00,60.00424503696465,13.392,2.0,7873.1006
7/21/2019,11:38:00,60.00683019751257,13.392,2.0,7873.1006
7/21/2019,11:40:00,60.0094153580605,13.392,2.0,7873.1006
7/21/2019,11:42:00,60.01200051860843,13.392,2.0,7873.1006
7/21/2019,11:44:00,60.01458567915636,13.392,2.0,7872.974798869762
7/21/2019,11:46:00,60.017170839704285,13.392,2.0,7872.715868890886
7/21/2019,11:48:00,60.0185,13.392,2.0,7872.456938912009
7/21/2019,11:50:00,60.0185,13.392,2.0,7872.2793
7/21/2019,11:52:00,60.0185,13.392,2.0,7872.2793
7/21/2019,11:55:00,60.0185,13.392,2.0,7872.2793
7/21/2019,11:57:00,60.0185,13.392,2.0,7872.24254157314
7/21/2019,11:59:00,60.0185,13.392,2.0,7871.9835882314
7/21/2019,12:01:00,60.0185,13.392,2.0,7871.72463488966
7/21/2019,12:03:00,60.0185,13.392,2.0,7871.465681547919
7/21/2019,12:05:00,60.0185,13.392,2.0,7871.206754825896
7/21/2019,12:07:00,60.0185,13.392,2.0,7870.947828928577
7/21/2019,12:09:00,60.0185,13.392,2.0,7870.688903031258
7/21/2019,12:12:00,60.0185,13.392,2.0,7870.6366
7/21/2019,12:14:00,60.0185,13.392,2.0,7870.6366
7/21/2019,12:16:00,60.0185,13.392,2.0,7870.6366
7/21/2019,12:18:00,60.0185,13.392,2.0,7870.474479704913
7/21/2019,12:20:00,60.0185,13.39202515802582,2.0,7870.215522281246
7/21/2019,12:22:00,60.0185,13.392056684373966,2.0,7869.95656485758
7/21/2019,12:24:00,60.0185,13.392088210722111,2.0,7869.697607433913
7/21/2019,12:26:00,60.0185,13.39215921121077,2.0,7869.4386500102455
7/21/2019,12:29:00,60.0185,13.392253790255205,2.0,7869.179692586579
7/21/2019,12:31:00,60.0185,13.392348369299642,2.0,7868.9938
7/21/2019,12:33:00,60.0185,13.3924,2.0,7868.9938
7/21/2019,12:35:00,60.0185,13.3924,2.0,7868.9938
7/21/2019,12:37:00,60.0185,13.3924,2.0,7868.965262891912
7/21/2019,12:39:00,60.0185,13.3924,2.0,7868.706305468245
7/21/2019,12:41:00,60.0185,13.3924,2.0,7868.447348044579
7/21/2019,12:43:00,60.0185,13.3924,2.0,7868.188390620911
7/21/2019,12:46:00,60.0185,13.392403474203565,2.0,7867.929462776841
7/21/2019,12:48:00,60.0185,13.39243500055171,2.0,7867.670536879522
7/21/2019,12:50:00,60.0185,13.392466526899856,2.0,7867.4116109822035
7/21/2019,12:52:00,60.0185,13.392498053248001,2.0,7867.3511
7/21/2019,12:54:00,60.0185,13.392559159192295,2.0,7867.3511
7/21/2019,12:56:00,60.0185,13.392622211888586,2.0,7867.3511
7/21/2019,12:58:00,60.0185,13.392685264584877,2.0,7867.197207392928
7/21/2019,13:00:00,60.0185,13.392748317281168,2.0,7866.93828149561
7/21/2019,13:03:00,60.0185,13.392811369977458,2.0,7866.679355598291
7/21/2019,13:05:00,60.0185,13.39287442267375,2.0,7866.5298
7/21/2019,13:07:00,60.0185,13.39291873768502,2.0,7866.5298
7/21/2019,13:09:00,60.0185,13.392950264033166,2.0,7866.5298
7/21/2019,13:11:00,60.0185,13.392981790381311,2.0,7866.464932187894
7/21/2019,13:13:00,60.0185,13.393026633878748,2.0,7866.205978846154
7/21/2019,13:15:00,60.0185,13.393089687568965,2.0,7865.947025504413
7/21/2019,13:17:00,60.0185,13.393152741259183,2.0,7865.68807431706
7/21/2019,13:20:00,60.0185,13.3932,2.0,7865.429148419742
7/21/2019,13:22:00,60.0185,13.3932,2.0,7865.1702225224235
7/21/2019,13:24:00,60.0185,13.3932,2.0,7864.911296625104
7/21/2019,13:26:00,60.0185,13.3932,2.0,7864.8871
7/21/2019,13:28:00,60.0185,13.3932,2.0,7864.8871
7/21/2019,13:30:00,60.0185,13.3932,2.0,7864.8871
7/21/2019,13:32:00,60.0185,13.3932,2.0,7864.696869876574
7/21/2019,13:35:00,60.0185,13.3932,2.0,7864.437912452908
7/21/2019,13:37:00,60.01660094106149,13.3932,2.0,7864.178955029241
7/21/2019,13:39:00,60.01401578051357,13.3932,2.0,7863.920015343873
7/21/2019,13:41:00,60.01143061996564,13.393223159255347,2.0,7863.661089446555
7/21/2019,13:43:00,60.0103,13.393254685603493,2.0,7863.402163549235
7/21/2019,13:45:00,60.0103,13.393286211951638,2.0,7863.143226929382
7/21/2019,13:47:00,60.0103,13.393335476599567,2.0,7862.8842735876415
7/21/2019,13:49:00,60.0103,13.393398529295858,2.0,7862.625320245901
7/21/2019,13:52:00,60.0103,13.393461581992149,2.0,7862.423
7/21/2019,13:54:00,60.0103,13.3935,2.0,7862.423
7/21/2019,13:56:00,60.0103,13.3935,2.0,7862.423
7/21/2019,13:58:00,60.0103,13.3935,2.0,7862.4108937404435
7/21/2019,14:00:00,60.0103,13.3935,2.0,7862.151936316776
7/21/2019,14:02:00,60.0103,13.3935,2.0,7861.89297889311
7/21/2019,14:04:00,60.0103,13.3935,2.0,7861.634021469443
7/21/2019,14:06:00,60.0103,13.3935,2.0,7861.6016
7/21/2019,14:09:00,60.0103,13.3935,2.0,7861.6016
7/21/2019,14:11:00,60.0103,13.3935,2.0,7861.6016
7/21/2019,14:13:00,60.0103,13.3935,2.0,7861.6016
7/21/2019,14:15:00,60.0103,13.3935,2.0,7861.6016
7/21/2019,14:17:00,60.0103,13.3935,2.0,7861.6016
7/21/2019,14:19:00,60.0103,13.3935,2.0,7861.6016
7/21/2019,14:21:00,60.0103,13.3935,2.0,7861.6016
7/21/2019,14:23:00,60.0103,13.3935,2.0,7861.6016
7/21/2019,14:26:00,60.0103,13.3935,2.0,7861.508658549157
7/21/2019,14:28:00,60.0103,13.3935,2.0,7861.249732651839
7/21/2019,14:30:00,60.0103,13.3935,2.0,7860.99080675452
7/21/2019,14:32:00,60.0103,13.3935,2.0,7860.731869066347
7/21/2019,14:34:00,60.0103,13.3935,2.0,7860.472880116332
7/21/2019,14:36:00,60.0103,13.3935,2.0,7860.213891166318
7/21/2019,14:38:00,60.0103,13.3935,2.0,7859.9588
7/21/2019,14:40:00,60.0103,13.3935,2.0,7859.9588
7/21/2019,14:43:00,60.0103,13.3935,2.0,7859.9588
7/21/2019,14:45:00,60.0103,13.3935,2.0,7859.9588
7/21/2019,14:47:00,60.0103,13.3935,2.0,7859.740526155835
7/21/2019,14:49:00,60.0103,13.3935,2.0,7859.4816317848645
7/21/2019,14:51:00,60.00812045114204,13.3935,2.0,7859.222737413894
7/21/2019,14:53:00,60.00553529059411,13.3935,2.0,7858.963800725106
7/21/2019,14:55:00,60.00295013004619,13.3935,2.0,7858.704843301439
7/21/2019,14:57:00,59.996873749586214,13.3935,2.0,7858.4458858777725
7/21/2019,15:00:00,59.989086741594285,13.3935,2.0,7858.3162
7/21/2019,15:02:00,59.981299733602356,13.393542317817115,2.0,7858.3162
7/21/2019,15:04:00,59.9774,13.393605370513407,2.0,7858.3162
7/21/2019,15:06:00,59.9774,13.393668423209698,2.0,7858.231466500102
7/21/2019,15:08:00,59.9774,13.3937,2.0,7857.972540602784
7/21/2019,15:10:00,59.9774,13.3937,2.0,7857.713614705465
7/21/2019,15:12:00,59.9774,13.3937,2.0,7857.454683912104
7/21/2019,15:14:00,59.9774,13.3937,2.0,7857.195726488438
7/21/2019,15:17:00,59.9774,13.3937,2.0,7856.9367690647705
7/21/2019,15:19:00,59.9774,13.3937,2.0,7856.677811641104
7/21/2019,15:21:00,59.9774,13.393704896041868,2.0,7856.6735
7/21/2019,15:23:00,59.9774,13.393736422390013,2.0,7856.6735
7/21/2019,15:25:00,59.9774,13.393767948738159,2.0,7856.6735
7/21/2019,15:27:00,59.9774,13.393799475086304,2.0,7856.6735
7/21/2019,15:29:00,59.9774,13.3938,2.0,7856.6735
7/21/2019,15:31:00,59.9774,13.3938,2.0,7856.6735
7/21/2019,15:34:00,59.9774,13.3938,2.0,7856.6735
7/21/2019,15:36:00,59.9774,13.3938,2.0,7856.6735
7/21/2019,15:38:00,59.9774,13.3938,2.0,7856.6735
7/21/2019,15:40:00,59.9774,13.3938,2.0,7856.6735
7/21/2019,15:42:00,59.9774,13.3938,2.0,7856.6735
7/21/2019,15:44:00,59.9774,13.3938,2.0,7856.6735
7/21/2019,15:46:00,59.9774,13.3938,2.0,7856.6735
7/21/2019,15:48:00,59.9774,13.3938,2.0,7856.6735
7/21/2019,15:51:00,59.9774,13.3938,2.0,7856.6735
7/21/2019,15:53:00,59.9774,13.3938,2.0,7856.641505810306
7/21/2019,15:55:00,59.9774,13.3938,2.0,7856.382548386639
7/21/2019,15:57:00,59.97707670833399,13.3938,2.0,7856.123590962972
7/21/2019,15:59:00,59.97446002143792,13.3938,2.0,7855.864633539305
7/21/2019,16:01:00,59.971843334541845,13.393807790160627,2.0,7855.8521
7/21/2019,16:03:00,59.96922664764577,13.393870842856918,2.0,7855.8521
7/21/2019,16:05:00,59.96663996122259,13.393933895553209,2.0,7855.8521
7/21/2019,16:08:00,59.96405480067466,13.3939969482495,2.0,7855.650228424155
7/21/2019,16:10:00,59.96146964012674,13.394,2.0,7855.391302526837
7/21/2019,16:12:00,59.9609,13.394,2.0,7855.132376629518
7/21/2019,16:14:00,59.9609,13.394,2.0,7855.0308
7/21/2019,16:16:00,59.9609,13.394,2.0,7855.0308
7/21/2019,16:18:00,59.9609,13.394,2.0,7855.0308
7/21/2019,16:20:00,59.9609,13.394,2.0,7855.0308
7/21/2019,16:23:00,59.9609,13.394,2.0,7855.0308
7/21/2019,16:25:00,59.96202648370876,13.394,2.0,7855.0308
7/21/2019,16:27:00,59.96461164425669,13.394,2.0,7855.0308
7/21/2019,16:29:00,59.967196804804615,13.394,2.0,7855.0308
7/21/2019,16:31:00,59.9691,13.394,2.0,7855.0308
7/21/2019,16:33:00,59.9691,13.394,2.0,7855.05458234367
7/21/2019,16:35:00,59.9691,13.394,2.0,7855.313508240988
7/21/2019,16:37:00,59.96957778968773,13.394,2.0,7855.572434138307
7/21/2019,16:40:00,59.97477963713173,13.394,2.0,7855.831360035625
7/21/2019,16:42:00,59.97998148457574,13.394,2.0,7855.8521
7/21/2019,16:44:00,59.98518333201974,13.394,2.0,7855.8521
7/21/2019,16:46:00,59.9856,13.394,2.0,7855.8521
7/21/2019,16:48:00,59.9856,13.394,2.0,7856.045787205032
7/21/2019,16:50:00,59.9856,13.394,2.0,7856.304744628698
7/21/2019,16:52:00,59.9856,13.394,2.0,7856.563702052365
7/21/2019,16:54:00,59.9856,13.394,2.0,7856.6735
7/21/2019,16:57:00,59.9856,13.394,2.0,7856.6735
7/21/2019,16:59:00,59.9856,13.394,2.0,7856.6735
7/21/2019,17:01:00,59.9856,13.394,2.0,7856.6735
7/21/2019,17:03:00,59.9856,13.393963681646937,2.0,7856.6735
7/21/2019,17:05:00,59.9856,13.393900628950647,2.0,7856.6735
7/21/2019,17:07:00,59.9856,13.393837576254356,2.0,7856.733603070617
7/21/2019,17:09:00,59.9856,13.3938,2.0,7856.992556412358
7/21/2019,17:11:00,59.9856,13.3938,2.0,7857.251509754098
7/21/2019,17:14:00,59.9856,13.3938,2.0,7857.510461446429
7/21/2019,17:16:00,59.9856,13.3938,2.0,7857.769387343747
7/21/2019,17:18:00,59.9856,13.3938,2.0,7858.028313241067
7/21/2019,17:20:00,59.9856,13.3938,2.0,7858.287239138385
7/21/2019,17:22:00,59.9856,13.3938,2.0,7858.3162
7/21/2019,17:24:00,59.9856,13.3938,2.0,7858.3162
7/21/2019,17:26:00,59.9856,13.3938,2.0,7858.3162
7/21/2019,17:28:00,59.9856,13.3938,2.0,7858.501665306831
7/21/2019,17:31:00,59.9856,13.393771999873895,2.0,7858.760622730498
7/21/2019,17:33:00,59.99117705512383,13.39374047352575,2.0,7859.019580154164
7/21/2019,17:35:00,59.99896406311576,13.393708947177604,2.0,7859.278505482519
7/21/2019,17:37:00,60.006751071107686,13.3937,2.0,7859.537403934551
7/21/2019,17:39:00,60.0103,13.3937,2.0,7859.796302386582
7/21/2019,17:41:00,60.0103,13.3937,2.0,7859.9588
7/21/2019,17:43:00,60.0103,13.3937,2.0,7859.9588
7/21/2019,17:45:00,60.01126256935687,13.3937,2.0,7859.9588
7/21/2019,17:48:00,60.013847689155114,13.3937,2.0,7860.010688436136
7/21/2019,17:50:00,60.01643280895335,13.393711738650694,2.0,7860.269677386151
7/21/2019,17:52:00,60.0185,13.393743264501893,2.0,7860.528666336166
7/21/2019,17:54:00,60.0185,13.39377479035309,2.0,7860.7803
7/21/2019,17:56:00,60.0185,13.3938,2.0,7860.7803
7/21/2019,17:58:00,60.01857341855956,13.3938,2.0,7860.7803
7/21/2019,18:00:00,60.02115857910749,13.3938,2.0,7860.7803
7/21/2019,18:02:00,60.023743739655416,13.3938,2.0,7860.7803
7/21/2019,18:05:00,60.026328900203346,13.3938,2.0,7860.7803
7/21/2019,18:07:00,60.0267,13.3938,2.0,7860.7803
7/21/2019,18:09:00,60.0267,13.3938,2.0,7860.957537570542
7/21/2019,18:11:00,60.0267,13.3938,2.0,7861.216467549419
7/21/2019,18:13:00,60.0267,13.3938,2.0,7861.475397528296
7/21/2019,18:15:00,60.0267,13.3938,2.0,7861.6016
7/21/2019,18:17:00,60.0267,13.3938,2.0,7861.6016
7/21/2019,18:19:00,60.0267,13.3938,2.0,7861.6016
7/21/2019,18:22:00,60.0267,13.3938,2.0,7861.6016
7/21/2019,18:24:00,60.0267,13.3938,2.0,7861.6016
7/21/2019,18:26:00,60.0267,13.3938,2.0,7861.6016
7/21/2019,18:28:00,60.0267,13.3938,2.0,7861.6016
7/21/2019,18:30:00,60.0267,13.3938,2.0,7861.6016
7/21/2019,18:32:00,60.0267,13.3938,2.0,7861.6016
7/21/2019,18:34:00,60.0267,13.3938,2.0,7861.6016
7/21/2019,18:36:00,60.0267,13.3938,2.0,7861.859702864169
7/21/2019,18:39:00,60.0267,13.3938,2.0,7862.118660287835
7/21/2019,18:41:00,60.02927662951812,13.3938,2.0,7862.377617711502
7/21/2019,18:43:00,60.031861790066046,13.3938,2.0,7862.423
7/21/2019,18:45:00,60.034446950613976,13.3938,2.0,7862.423
7/21/2019,18:47:00,60.0349,13.3938,2.0,7862.423
7/21/2019,18:49:00,60.0349,13.3938,2.0,7862.25395259383
7/21/2019,18:51:00,60.0349,13.3938,2.0,7861.994995170163
7/21/2019,18:53:00,60.03321240719431,13.3938,2.0,7861.736037746497
7/21/2019,18:56:00,60.03062724664638,13.3938,2.0,7861.477095482274
7/21/2019,18:58:00,60.02804208609845,13.3938,2.0,7861.218169584956
7/21/2019,19:00:00,60.0267,13.3938,2.0,7860.959243687637
7/21/2019,19:02:00,60.0267,13.3938,2.0,7860.620328363808
7/21/2019,19:04:00,60.0267,13.3938,2.0,7860.102453206179
7/21/2019,19:06:00,60.0267,13.3938,2.0,7859.58457804855
7/21/2019,19:08:00,60.0267,13.3938,2.0,7859.1376
7/21/2019,19:10:00,60.0267,13.3938,2.0,7859.1376
7/21/2019,19:13:00,60.026346091520985,13.3938,2.0,7859.1376
7/21/2019,19:15:00,60.02376093097306,13.3938,2.0,7859.1376
7/21/2019,19:17:00,60.02117577042513,13.393795684042939,2.0,7858.887719034033
7/21/2019,19:19:00,60.01859060987721,13.393764157694793,2.0,7858.6287616103655
7/21/2019,19:21:00,60.0185,13.393732631346648,2.0,7858.369804186699
7/21/2019,19:23:00,60.0185,13.393701104998504,2.0,7858.110871763426
7/21/2019,19:25:00,60.0185,13.3937,2.0,7857.851945866108
7/21/2019,19:28:00,60.0185,13.3937,2.0,7857.593019968788
7/21/2019,19:30:00,60.0185,13.3937,2.0,7857.4949
7/21/2019,19:32:00,60.0185,13.3937,2.0,7857.4949
7/21/2019,19:34:00,60.01689448604171,13.3937,2.0,7857.4949
7/21/2019,19:36:00,60.014309325493784,13.3937,2.0,7857.4949
7/21/2019,19:38:00,60.01172416494585,13.3937,2.0,7857.4949
7/21/2019,19:40:00,60.0103,13.3937,2.0,7857.4949
7/21/2019,19:42:00,60.0103,13.3937,2.0,7857.4949
7/21/2019,19:45:00,60.0103,13.3937,2.0,7857.4949
7/21/2019,19:47:00,60.0103,13.3937,2.0,7857.4949
7/21/2019,19:49:00,60.0103,13.3937,2.0,7857.4949
7/21/2019,19:51:00,60.0103,13.3937,2.0,7857.4949
7/21/2019,19:53:00,60.0103,13.3937,2.0,7857.4949
7/21/2019,19:55:00,60.0103,13.3937,2.0,7857.4949
7/21/2019,19:57:00,60.0103,13.3937,2.0,7857.4949
7/21/2019,19:59:00,60.0103,13.3937,2.0,7857.4949
7/21/2019,20:02:00,60.0103,13.3937,2.0,7857.4949
7/21/2019,20:04:00,60.0103,13.3937,2.0,7857.4949
7/21/2019,20:06:00,60.0103,13.393729421964407,2.0,7857.4949
7/21/2019,20:08:00,60.0103,13.393760948312552,2.0,7857.4949
7/21/2019,20:10:00,60.0103,13.393792474660698,2.0,7857.4949
7/21/2019,20:12:00,60.0103,13.3938,2.0,7857.4949
7/21/2019,20:14:00,60.0103,13.3938,2.0,7857.4949
7/21/2019,20:16:00,60.0103,13.3938,2.0,7857.4949
7/21/2019,20:19:00,60.0103,13.3938,2.0,7857.4949
7/21/2019,20:21:00,60.0103,13.3938,2.0,7857.4949
7/21/2019,20:23:00,60.0103,13.3938,2.0,7857.4949
7/21/2019,20:25:00,60.0103,13.3938,2.0,7857.4949
7/21/2019,20:27:00,60.0103,13.3938,2.0,7857.4949
7/21/2019,20:29:00,60.0103,13.3938,2.0,7857.4949
7/21/2019,20:31:00,60.0103,13.3938,2.0,7857.4949
7/21/2019,20:33:00,60.0103,13.3938,2.0,7857.4949
7/21/2019,20:36:00,60.0103,13.3938,2.0,7857.4949
7/21/2019,20:38:00,60.0103,13.3938,2.0,7857.4949
7/21/2019,20:40:00,60.0103,13.3938,2.0,7857.4949
7/21/2019,20:42:00,60.0103,13.3938,2.0,7857.4949
7/21/2019,20:44:00,60.0103,13.3938,2.0,7857.305977611563
7/21/2019,20:46:00,60.0103,13.393856846518814,2.0,7857.047020187896
7/21/2019,20:48:00,60.0103,13.393919897227345,2.0,7856.78806276423
7/21/2019,20:50:00,60.0103,13.393982947935879,2.0,7856.6735
7/21/2019,20:53:00,60.0103,13.394,2.0,7856.6735
7/21/2019,20:55:00,60.0103,13.394,2.0,7856.6735
7/21/2019,20:57:00,60.0103,13.394,2.0,7856.6735
7/21/2019,20:59:00,60.0103,13.394,2.0,7856.6735
7/21/2019,21:01:00,60.0103,13.394,2.0,7856.6735
7/21/2019,21:03:00,60.0103,13.394,2.0,7856.618160798562
7/21/2019,21:05:00,60.0103,13.394024316272324,2.0,7856.3592033748955
7/21/2019,21:07:00,60.009747551190905,13.394087368968615,2.0,7856.100245951228
7/21/2019,21:10:00,60.00716239064298,13.394150421664905,2.0,7855.8521
7/21/2019,21:12:00,60.00457723009505,13.3942,2.0,7855.8521
7/21/2019,21:14:00,60.0021,13.3942,2.0,7855.8521
7/21/2019,21:16:00,60.0021,13.3942,2.0,7855.8521
7/21/2019,21:18:00,60.0021,13.3942,2.0,7855.8521
7/21/2019,21:20:00,60.0021,13.3942,2.0,7855.8521
7/21/2019,21:22:00,60.0021,13.3942,2.0,7855.8521
7/21/2019,21:24:00,60.0021,13.3942,2.0,7855.671398464691
7/21/2019,21:27:00,60.0021,13.3942,2.0,7855.412476648802
7/21/2019,21:29:00,60.0021,13.3942,2.0,7855.153554832913
7/21/2019,21:31:00,60.0021,13.3942,2.0,7855.0308
7/21/2019,21:33:00,60.0021,13.3942,2.0,7855.0308
7/21/2019,21:35:00,60.0021,13.3942,2.0,7855.0308
7/21/2019,21:37:00,60.0021,13.3942,2.0,7854.939142019894
7/21/2019,21:39:00,60.0021,13.3942,2.0,7854.680184596226
7/21/2019,21:41:00,60.0021,13.3942,2.0,7854.421227172559
7/21/2019,21:44:00,60.0021,13.3942,2.0,7854.2094
7/21/2019,21:46:00,60.0021,13.3942,2.0,7854.2094
7/21/2019,21:48:00,60.0021,13.3942,2.0,7854.2094
7/21/2019,21:50:00,60.0021,13.3942,2.0,7854.2094
7/21/2019,21:52:00,60.0021,13.3942,2.0,7854.2094
7/21/2019,21:54:00,60.0021,13.3942,2.0,7854.2094
7/21/2019,21:56:00,60.0021,13.3942,2.0,7854.2094
7/21/2019,21:58:00,60.0021,13.3942,2.0,7854.2094
7/21/2019,22:01:00,60.0021,13.3942,2.0,7854.2094
7/21/2019,22:03:00,60.0021,13.3942,2.0,7854.2094
7/21/2019,22:05:00,60.0021,13.3942,2.0,7854.2094
7/21/2019,22:07:00,60.0021,13.3942,2.0,7854.2094
7/21/2019,22:09:00,60.0021,13.3942,2.0,7854.2094
7/21/2019,22:11:00,60.0021,13.3942,2.0,7854.2094
7/21/2019,22:13:00,60.0021,13.3942,2.0,7854.2094
7/21/2019,22:15:00,60.0021,13.3942,2.0,7854.2094
7/21/2019,22:18:00,60.0021,13.3942,2.0,7854.2094
7/21/2019,22:20:00,60.0021,13.3942,2.0,7854.2094
7/21/2019,22:22:00,60.0021,13.3942,2.0,7854.2094
7/21/2019,22:24:00,60.0021,13.3942,2.0,7854.2094
7/21/2019,22:26:00,60.0021,13.3942,2.0,7854.2094
7/21/2019,22:28:00,60.0021,13.3942,2.0,7854.2094
7/21/2019,22:30:00,60.0021,13.3942,2.0,7854.2094
7/21/2019,22:33:00,60.0021,13.3942,2.0,7854.2094
7/21/2019,22:35:00,60.0021,13.3942,2.0,7854.2094
7/21/2019,22:37:00,60.0021,13.3942,2.0,7854.2094
7/21/2019,22:39:00,60.0021,13.3942,2.0,7854.2094
7/21/2019,22:41:00,60.0021,13.3942,2.0,7854.2094
7/21/2019,22:43:00,60.0021,13.3942,2.0,7854.2094
7/21/2019,22:45:00,60.0021,13.3942,2.0,7854.2094
7/21/2019,22:47:00,60.0021,13.3942,2.0,7854.2094
7/21/2019,22:50:00,60.0021,13.3942,2.0,7854.2094
7/21/2019,22:52:00,60.0021,13.3942,2.0,7854.2094
7/21/2019,22:54:00,60.0021,13.3942,2.0,7854.2094
7/21/2019,22:56:00,60.0021,13.3942,2.0,7854.2094
7/21/2019,22:58:00,60.0021,13.3942,2.0,7854.2094
7/21/2019,23:00:00,60.0021,13.3942,2.0,7854.2094
7/21/2019,23:02:00,59.99907772663502,13.3942,2.0,7854.2094
7/21/2019,23:04:00,59.988674031747024,13.3942,2.0,7854.2094
7/21/2019,23:07:00,59.978270336859026,13.3942,2.0,7854.2094
7/21/2019,23:09:00,59.9691,13.3942,2.0,7854.2094
7/21/2019,23:11:00,59.9691,13.3942,2.0,7854.2094
7/21/2019,23:13:00,59.9691,13.3942,2.0,7854.4545329613165
7/21/2019,23:15:00,59.9691,13.3942,2.0,7854.713494467039
7/21/2019,23:17:00,59.9691,13.3942,2.0,7854.972455972761
7/21/2019,23:19:00,59.9691,13.3942,2.0,7855.0308
7/21/2019,23:21:00,59.9691,13.3942,2.0,7855.0308
7/21/2019,23:24:00,59.9691,13.3942,2.0,7855.0308
7/21/2019,23:26:00,59.9691,13.3942,2.0,7855.0308
7/21/2019,23:28:00,59.9691,13.3942,2.0,7855.0308
7/21/2019,23:30:00,59.9691,13.3942,2.0,7855.0308
7/21/2019,23:32:00,59.9691,13.3942,2.0,7855.0308
7/21/2019,23:34:00,59.9691,13.3942,2.0,7855.0308
7/21/2019,23:36:00,59.9691,13.3942,2.0,7855.0308
7/21/2019,23:38:00,59.9691,13.3942,2.0,7855.0308
7/21/2019,23:41:00,59.9691,13.3942,2.0,7855.0308
7/21/2019,23:43:00,59.9691,13.3942,2.0,7855.0308
7/21/2019,23:45:00,59.9691,13.3942,2.0,7855.0308
7/21/2019,23:47:00,59.9691,13.3942,2.0,7855.0308
7/21/2019,23:49:00,59.9691,13.3942,2.0,7855.0308
7/21/2019,23:51:00,59.9691,13.3942,2.0,7855.0308
7/21/2019,23:53:00,59.9691,13.3942,2.0,7855.0308
7/21/2019,23:55:00,59.9691,13.3942,2.0,7855.0308
7/21/2019,23:58:00,59.97149400684122,13.3942,2.0,7855.0308
7/22/2019,0:00:00,59.974110693737295,13.3942,2.0,7855.0308
7/22/2019,0:02:00,59.97672738063337,13.3942,2.0,7855.0308
7/22/2019,0:04:00,59.979320645029084,13.3942,2.0,7855.0308
7/22/2019,0:06:00,59.981905805577014,13.3942,2.0,7855.0308
7/22/2019,0:08:00,59.98449096612494,13.3942,2.0,7855.0308
7/22/2019,0:10:00,59.9856,13.3942,2.0,7855.0308
7/22/2019,0:12:00,59.9856,13.3942,2.0,7855.0308
7/22/2019,0:15:00,59.9856,13.3942,2.0,7855.0308
7/22/2019,0:17:00,59.9856,13.3942,2.0,7855.0308
7/22/2019,0:19:00,59.9856,13.3942,2.0,7855.0308
7/22/2019,0:21:00,59.9856,13.3942,2.0,7855.0308
7/22/2019,0:23:00,59.9856,13.3942,2.0,7855.0308
7/22/2019,0:25:00,59.9856,13.3942,2.0,7855.0308
7/22/2019,0:27:00,59.9856,13.3942,2.0,7855.0308
7/22/2019,0:29:00,59.9856,13.3942,2.0,7855.0308
7/22/2019,0:32:00,59.9856,13.3942,2.0,7855.0308
7/22/2019,0:34:00,59.9856,13.394205211305348,2.0,7855.0308
7/22/2019,0:36:00,59.9856,13.394299790349784,2.0,7855.0308
7/22/2019,0:38:00,59.9856,13.394394369394222,2.0,7855.0308
7/22/2019,0:40:00,59.9856,13.394488948438658,2.0,7855.0308
7/22/2019,0:42:00,59.9856,13.394416472516907,2.0,7855.0308
7/22/2019,0:44:00,59.9856,13.394321893472469,2.0,7855.0308
7/22/2019,0:46:00,59.9856,13.394227314428033,2.0,7855.0308
7/22/2019,0:49:00,59.9856,13.3942,2.0,7855.0308
7/22/2019,0:51:00,59.98979914405965,13.3942,2.0,7855.0308
7/22/2019,0:53:00,59.99758615205158,13.3942,2.0,7855.0308
7/22/2019,0:55:00,60.00537316004351,13.3942,2.0,7855.0308
7/22/2019,0:57:00,60.0103,13.3942,2.0,7855.0308
7/22/2019,0:59:00,60.0103,13.3942,2.0,7855.0308
7/22/2019,1:01:00,60.0103,13.3942,2.0,7855.0308
7/22/2019,1:03:00,60.0103,13.3942,2.0,7855.0308
7/22/2019,1:06:00,60.0103,13.3942,2.0,7855.0308
7/22/2019,1:08:00,60.0103,13.39421847601633,2.0,7855.0308
7/22/2019,1:10:00,60.0103,13.394313055060767,2.0,7855.0308
7/22/2019,1:12:00,60.0103,13.394407634105203,2.0,7855.0308
7/22/2019,1:14:00,60.0103,13.3945,2.0,7855.0308
7/22/2019,1:16:00,60.0103,13.3945,2.0,7855.0308
7/22/2019,1:18:00,60.0103,13.3945,2.0,7855.0308
7/22/2019,1:21:00,60.0103,13.3945,2.0,7855.0308
7/22/2019,1:23:00,60.0103,13.3945,2.0,7855.0308
7/22/2019,1:25:00,60.0103,13.3945,2.0,7855.0308
7/22/2019,1:27:00,60.0103,13.3945,2.0,7855.0308
7/22/2019,1:29:00,60.0103,13.3945,2.0,7855.0308
7/22/2019,1:31:00,60.0103,13.3945,2.0,7855.0308
7/22/2019,1:33:00,60.0103,13.3945,2.0,7855.0308
7/22/2019,1:35:00,60.0103,13.3945,2.0,7855.0308
7/22/2019,1:38:00,60.0103,13.3945,2.0,7855.0308
7/22/2019,1:40:00,60.0103,13.3945,2.0,7855.0308
7/22/2019,1:42:00,60.0103,13.3945,2.0,7855.0308
7/22/2019,1:44:00,60.0103,13.3945,2.0,7855.0308
7/22/2019,1:46:00,60.0103,13.3945,2.0,7855.0308
7/22/2019,1:48:00,60.0103,13.3945,2.0,7855.0308
7/22/2019,1:50:00,60.0103,13.3945,2.0,7855.0308
7/22/2019,1:52:00,60.01542732660782,13.3945,2.0,7855.0308
7/22/2019,1:55:00,60.02059756620429,13.3945,2.0,7855.0308
7/22/2019,1:57:00,60.02576780580076,13.3945,2.0,7855.0308
7/22/2019,1:59:00,60.02458094389886,13.3945,2.0,7855.0308
7/22/2019,2:01:00,60.02199578335093,13.3945,2.0,7854.86306032882
7/22/2019,2:03:00,60.01941062280301,13.3945,2.0,7854.604102905153
7/22/2019,2:05:00,60.0185,13.3945,2.0,7854.345145481486
7/22/2019,2:07:00,60.0185,13.3945,2.0,7854.2094
7/22/2019,2:09:00,60.0185,13.3945,2.0,7854.2094
7/22/2019,2:12:00,60.016039961222596,13.3945,2.0,7854.2094
7/22/2019,2:14:00,60.010869640126735,13.3945,2.0,7854.2094
7/22/2019,2:16:00,60.00569931903088,13.3945,2.0,7854.2094
7/22/2019,2:18:00,60.0021,13.3945,2.0,7854.2094
7/22/2019,2:20:00,60.0021,13.3945,2.0,7854.2094
7/22/2019,2:22:00,60.0021,13.3945,2.0,7854.2094
7/22/2019,2:24:00,60.0021,13.3945,2.0,7854.2094
7/22/2019,2:26:00,60.0021,13.3945,2.0,7854.2094
7/22/2019,2:29:00,60.0021,13.3945,2.0,7853.960844084869
7/22/2019,2:31:00,60.0021,13.3945,2.0,7853.70191818755
7/22/2019,2:33:00,59.99710648654613,13.3945,2.0,7853.442992290232
7/22/2019,2:35:00,59.991904639102124,13.3945,2.0,7853.3881
7/22/2019,2:37:00,59.986702791658125,13.394560527435805,2.0,7853.3881
7/22/2019,2:39:00,59.9856,13.394623580132096,2.0,7853.3881
7/22/2019,2:41:00,59.9856,13.394686632828387,2.0,7853.3881
7/22/2019,2:43:00,59.9856,13.3947,2.0,7853.3881
7/22/2019,2:46:00,59.98080281372657,13.3947,2.0,7853.3881
7/22/2019,2:48:00,59.97301580573464,13.3947,2.0,7853.3881
7/22/2019,2:50:00,59.96522879774271,13.394719421806775,2.0,7853.3881
7/22/2019,2:52:00,59.95975193020067,13.39475094815492,2.0,7853.3881
7/22/2019,2:54:00,59.95716676965274,13.394782474503065,2.0,7853.3881
7/22/2019,2:56:00,59.95458160910481,13.394828001702423,2.0,7853.3881
7/22/2019,2:58:00,59.9527,13.394891054398714,2.0,7853.3881
7/22/2019,3:00:00,59.9527,13.394954107095005,2.0,7853.3621524661485
7/22/2019,3:03:00,59.9527,13.395,2.0,7853.103195042482
7/22/2019,3:05:00,59.9527,13.395,2.0,7852.844237618815
7/22/2019,3:07:00,59.9527,13.395,2.0,7852.585280195148
7/22/2019,3:09:00,59.9527,13.395,2.0,7852.5667
7/22/2019,3:11:00,59.9527,13.395,2.0,7852.5667
7/22/2019,3:13:00,59.96715658033703,13.395,2.0,7852.5667
7/22/2019,3:15:00,59.98273059632089,13.395,2.0,7852.5667
7/22/2019,3:17:00,59.99830461230475,13.395,2.0,7852.5667
7/22/2019,3:20:00,60.0021,13.395,2.0,7852.5667
7/22/2019,3:22:00,60.0021,13.395,2.0,7852.5667
7/22/2019,3:24:00,60.0021,13.395,2.0,7852.5667
7/22/2019,3:26:00,60.0021,13.395,2.0,7852.5667
7/22/2019,3:28:00,60.0021,13.395,2.0,7852.5667
7/22/2019,3:30:00,60.0021,13.395,2.0,7852.5667
7/22/2019,3:32:00,60.00316612020996,13.395,2.0,7852.5667
7/22/2019,3:34:00,60.00575128075789,13.395,2.0,7852.5667
7/22/2019,3:37:00,60.00833644130582,13.395,2.0,7852.5667
7/22/2019,3:39:00,60.0103,13.395,2.0,7852.5667
7/22/2019,3:41:00,60.0103,13.395,2.0,7852.5667
7/22/2019,3:43:00,60.0103,13.395,2.0,7852.5667
7/22/2019,3:45:00,60.01012304297109,13.395,2.0,7852.5667
7/22/2019,3:47:00,60.00753784167218,13.395,2.0,7852.5667
7/22/2019,3:49:00,60.004952640373276,13.395,2.0,7852.5667
7/22/2019,3:51:00,60.00236743907437,13.395,2.0,7852.5667
7/22/2019,3:54:00,60.0021,13.395,2.0,7852.5667
7/22/2019,3:56:00,60.0021,13.395,2.0,7852.379095241097
7/22/2019,3:58:00,60.0021,13.395,2.0,7852.120169343779
7/22/2019,4:00:00,60.000204079509444,13.395,2.0,7851.86124344646
7/22/2019,4:02:00,59.997587392613376,13.395,2.0,7851.7454
7/22/2019,4:04:00,59.9949707057173,13.395045684831098,2.0,7851.7454
7/22/2019,4:06:00,59.99237144028121,13.395108737527389,2.0,7851.7454
7/22/2019,4:08:00,59.98978627973328,13.39517179022368,2.0,7851.7454
7/22/2019,4:11:00,59.98720111918536,13.3952,2.0,7851.7454
7/22/2019,4:13:00,59.9856,13.3952,2.0,7851.7454
7/22/2019,4:15:00,59.9856,13.3952,2.0,7851.7454
7/22/2019,4:17:00,59.9856,13.3952,2.0,7851.7454
7/22/2019,4:19:00,59.98506046848892,13.3952,2.0,7851.7454
7/22/2019,4:21:00,59.98247526719001,13.3952,2.0,7851.7454
7/22/2019,4:23:00,59.979890065891105,13.3952,2.0,7851.7454
7/22/2019,4:26:00,59.9774,13.3952,2.0,7851.7454
7/22/2019,4:28:00,59.9774,13.3952,2.0,7851.7454
7/22/2019,4:30:00,59.9774,13.3952,2.0,7851.7454
7/22/2019,4:32:00,59.9774,13.3952,2.0,7851.7454
7/22/2019,4:34:00,59.97513708917228,13.3952,2.0,7851.7454
7/22/2019,4:36:00,59.9725204022762,13.3952,2.0,7851.207144047037
7/22/2019,4:38:00,59.96990371538013,13.395363583915257,2.0,7850.4302717760365
7/22/2019,4:40:00,59.9691,13.39555274200413,2.0,7849.653399505036
7/22/2019,4:43:00,59.9691,13.395741900093002,2.0,7849.146341922162
7/22/2019,4:45:00,59.9691,13.396083959394064,2.0,7848.887447551191
7/22/2019,4:47:00,59.96775338987058,13.396493801919954,2.0,7848.6285531802205
7/22/2019,4:49:00,59.96516822932266,13.396903644445846,2.0,7847.0142659200155
7/22/2019,4:51:00,59.96258306877473,13.397231376597992,2.0,7842.871167825783
7/22/2019,4:53:00,59.9609,13.397483587383155,2.0,7838.728069731551
7/22/2019,4:55:00,59.9609,13.39773579816832,2.0,7835.226634652186
7/22/2019,4:57:00,59.9609,13.39792200223837,2.0,7834.7087513312
7/22/2019,5:00:00,59.9609,13.397985054934662,2.0,7834.190868010214
7/22/2019,5:02:00,59.9609,13.398048107630952,2.0,7833.669061643467
7/22/2019,5:04:00,59.9609,13.398105580163621,2.0,7832.3743375778295
7/22/2019,5:06:00,59.960873889878464,13.398137106511767,2.0,7831.079613512192
7/22/2019,5:08:00,59.95570356878261,13.398168632859912,2.0,7829.784889446554
7/22/2019,5:10:00,59.95053324768675,13.398200318416116,2.0,7827.842979356546
7/22/2019,5:12:00,59.945362926590896,13.398263371112407,2.0,7825.771414546256
7/22/2019,5:14:00,59.9445,13.398326423808697,2.0,7823.6998497359655
7/22/2019,5:17:00,59.9445,13.39838947650499,2.0,7822.9979
7/22/2019,5:19:00,59.9445,13.3986626460064,2.0,7822.9979
7/22/2019,5:21:00,59.9445,13.398977909487854,2.0,7822.9979
7/22/2019,5:23:00,59.9445,13.39929317296931,2.0,7822.9979
7/22/2019,5:25:00,59.9445,13.3994,2.0,7822.9979
7/22/2019,5:27:00,59.9445,13.3994,2.0,7822.9979
7/22/2019,5:29:00,59.9445,13.3994,2.0,7822.9979
7/22/2019,5:31:00,59.9445,13.399384578886805,2.0,7822.9979
7/22/2019,5:34:00,59.9445,13.39935305253866,2.0,7822.9979
7/22/2019,5:36:00,59.9445,13.399321526190514,2.0,7823.073127131575
7/22/2019,5:38:00,59.9445,13.399099996847365,2.0,7823.59104197891
7/22/2019,5:40:00,59.9445,13.398469469884455,2.0,7824.108956826243
7/22/2019,5:42:00,59.9445,13.397838942921545,2.0,7824.626871673577
7/22/2019,5:44:00,59.9445,13.397245049575181,2.0,7824.89271257586
7/22/2019,5:46:00,59.9445,13.396866733397436,2.0,7825.151638473179
7/22/2019,5:48:00,59.9445,13.396488417219691,2.0,7825.410564370498
7/22/2019,5:51:00,59.9445,13.396110101041947,2.0,7825.669490267816
7/22/2019,5:53:00,59.9445,13.39606931540535,2.0,7825.928416165136
7/22/2019,5:55:00,59.950714855215246,13.396037789057205,2.0,7826.187342062454
7/22/2019,5:57:00,59.95847033685903,13.39600626270906,2.0,7826.609275604912
7/22/2019,5:59:00,59.966225818502814,13.396,2.0,7827.1271904522455
7/22/2019,6:01:00,59.9691,13.396,2.0,7827.645105299579
7/22/2019,6:03:00,59.9691,13.396,2.0,7828.044531230001
7/22/2019,6:05:00,59.9691,13.395960314632955,2.0,7828.303425600971
7/22/2019,6:08:00,59.97029700342061,13.395897261936664,2.0,7828.562319971942
7/22/2019,6:10:00,59.97291369031669,13.395834209240371,2.0,7829.2648084096545
7/22/2019,6:12:00,59.975530377212756,13.3958,2.0,7831.0774473226265
7/22/2019,6:14:00,59.9774,13.3958,2.0,7832.890086235599
7/22/2019,6:16:00,59.9774,13.3958,2.0,7834.614511302197
7/22/2019,6:18:00,59.9774,13.395781998455208,2.0,7835.650277944168
7/22/2019,6:20:00,59.9774,13.395718945758917,2.0,7836.686044586138
7/22/2019,6:22:00,59.9774,13.395655893062626,2.0,7837.72181122811
7/22/2019,6:25:00,59.9774,13.3956,2.0,7841.439636540616
7/22/2019,6:27:00,59.9774,13.3956,2.0,7845.323808737529
7/22/2019,6:29:00,59.97983418717193,13.3956,2.0,7849.207980934442
7/22/2019,6:31:00,59.982419347719855,13.3956,2.0,7850.700571214868
7/22/2019,6:33:00,59.985004508267785,13.3956,2.0,7851.477380433173
7/22/2019,6:35:00,59.9856,13.3956,2.0,7852.254189651477
7/22/2019,6:37:00,59.9856,13.3956,2.0,7852.876238860953
7/22/2019,6:39:00,59.9856,13.39557573574615,2.0,7853.394122181939
7/22/2019,6:42:00,59.9856,13.395544209398004,2.0,7853.912005502924
7/22/2019,6:44:00,59.9856,13.395512683049859,2.0,7854.319651123126
7/22/2019,6:46:00,59.9856,13.39544347010514,2.0,7854.5786085467935
7/22/2019,6:48:00,59.9856,13.395348891060705,2.0,7854.83756597046
7/22/2019,6:50:00,59.9856,13.395254312016268,2.0,7855.1622387868665
7/22/2019,6:52:00,59.9856,13.3952,2.0,7855.680122107852
7/22/2019,6:54:00,59.9856,13.3952,2.0,7856.198005428838
7/22/2019,6:56:00,59.9856,13.3952,2.0,7856.6735
7/22/2019,6:59:00,59.9856,13.39520800138716,2.0,7856.6735
7/22/2019,7:01:00,59.9856,13.395239527735306,2.0,7856.6735
7/22/2019,7:03:00,59.9856,13.395271054083452,2.0,7856.6735
7/22/2019,7:05:00,59.9856,13.3953,2.0,7856.6735
7/22/2019,7:07:00,59.9856,13.3953,2.0,7856.6735
7/22/2019,7:09:00,59.9856,13.3953,2.0,7856.6735
7/22/2019,7:11:00,59.9856,13.3953,2.0,7856.6735
7/22/2019,7:13:00,59.9856,13.3953,2.0,7856.6735
7/22/2019,7:16:00,59.9856,13.3953,2.0,7856.6735
7/22/2019,7:18:00,59.9856,13.3953,2.0,7856.6735
7/22/2019,7:20:00,59.9856,13.3953,2.0,7856.6735
7/22/2019,7:22:00,59.9856,13.3953,2.0,7856.6735
7/22/2019,7:24:00,59.9856,13.3953,2.0,7856.6735
7/22/2019,7:26:00,59.9856,13.395335684673466,2.0,7856.6735
7/22/2019,7:28:00,59.9856,13.395398737369757,2.0,7856.6735
7/22/2019,7:31:00,59.9856,13.395461790066047,2.0,7856.6735
7/22/2019,7:33:00,59.9856,13.3955,2.0,7856.6735
7/22/2019,7:35:00,59.98502584489281,13.3955,2.0,7856.6735
7/22/2019,7:37:00,59.98244072509458,13.3955,2.0,7856.6735
7/22/2019,7:39:00,59.97985560529634,13.3955,2.0,7856.6735
7/22/2019,7:41:00,59.9774,13.3955,2.0,7856.6735
7/22/2019,7:43:00,59.9774,13.3955,2.0,7856.6735
7/22/2019,7:45:00,59.9774,13.395501579470043,2.0,7856.900903461593
7/22/2019,7:48:00,59.9774,13.395533105818188,2.0,7857.15986088526
7/22/2019,7:50:00,59.9774,13.395564632166334,2.0,7857.418818308926
7/22/2019,7:52:00,59.9774,13.39559615851448,2.0,7857.4949
7/22/2019,7:54:00,59.9774,13.3956,2.0,7857.4949
7/22/2019,7:56:00,59.9774,13.3956,2.0,7857.4949
7/22/2019,7:58:00,59.9774,13.3956,2.0,7857.4949
7/22/2019,8:00:00,59.9774,13.3956,2.0,7857.4949
7/22/2019,8:02:00,59.9774,13.3956,2.0,7857.4949
7/22/2019,8:05:00,59.9774,13.3956,2.0,7857.4949
7/22/2019,8:07:00,59.9774,13.3956,2.0,7857.4949
7/22/2019,8:09:00,59.9774,13.3956,2.0,7857.4949
7/22/2019,8:11:00,59.9774,13.3956,2.0,7857.445607454404
7/22/2019,8:13:00,59.9774,13.3956,2.0,7857.186650030738
7/22/2019,8:15:00,59.976901913649336,13.3956,2.0,7856.927692607071
7/22/2019,8:17:00,59.97428522675326,13.3956,2.0,7856.668735183404
7/22/2019,8:19:00,59.971668539857184,13.3956,2.0,7856.409777759737
7/22/2019,8:22:00,59.9691,13.3956,2.0,7856.150820336071
7/22/2019,8:24:00,59.9691,13.3956,2.0,7855.891862912404
7/22/2019,8:26:00,59.9691,13.3956,2.0,7855.4137376629515
7/22/2019,8:28:00,59.9691,13.3956,2.0,7854.895854341966
7/22/2019,8:30:00,59.9691,13.3956,2.0,7854.37797102098
7/22/2019,8:32:00,59.9691,13.3956,2.0,7853.860087699994
7/22/2019,8:34:00,59.9691,13.3956,2.0,7853.34220437901
7/22/2019,8:36:00,59.9691,13.3956,2.0,7852.824321058024
7/22/2019,8:39:00,59.9691,13.3956,2.0,7852.436576790303
7/22/2019,8:41:00,59.9691,13.3956,2.0,7852.177650892984
7/22/2019,8:43:00,59.9691,13.3956,2.0,7851.918724995665
7/22/2019,8:45:00,59.9691,13.3956,2.0,7850.889341941992
7/22/2019,8:47:00,59.9691,13.3956,2.0,7848.299934627994
7/22/2019,8:49:00,59.9691,13.3956,2.0,7845.710527313996
7/22/2019,8:51:00,59.9691,13.3956,2.0,7843.490734352685
7/22/2019,8:53:00,59.9691,13.3956,2.0,7843.231808455366
7/22/2019,8:56:00,59.96951500654172,13.3956,2.0,7842.972882558048
7/22/2019,8:58:00,59.972131693437795,13.3956,2.0,7842.713956660729
7/22/2019,9:00:00,59.974748380333864,13.3956,2.0,7842.7105
7/22/2019,9:02:00,59.97736506722994,13.3956,2.0,7842.7105
7/22/2019,9:04:00,59.9774,13.3956,2.0,7842.7105
7/22/2019,9:06:00,59.9774,13.3956,2.0,7842.499527386939
7/22/2019,9:08:00,59.9774,13.3956,2.0,7842.240569963272
7/22/2019,9:10:00,59.9774,13.3956,2.0,7841.981612539605
7/22/2019,9:13:00,59.9774,13.3956,2.0,7841.5562304954365
7/22/2019,9:15:00,59.9774,13.3956,2.0,7841.038347174451
7/22/2019,9:17:00,59.979061611942186,13.3956,2.0,7840.520463853465
7/22/2019,9:19:00,59.98164677249011,13.3956,2.0,7840.2464
7/22/2019,9:21:00,59.98423193303804,13.3956,2.0,7840.2464
7/22/2019,9:23:00,59.9856,13.3956,2.0,7840.2464
7/22/2019,9:25:00,59.9856,13.3956,2.0,7840.323801153846
7/22/2019,9:27:00,59.9856,13.3956,2.0,7840.582754495586
7/22/2019,9:30:00,59.9856,13.3956,2.0,7840.841707837327
7/22/2019,9:32:00,59.9856,13.3956,2.0,7841.0678
7/22/2019,9:34:00,59.9856,13.3956,2.0,7841.0678
7/22/2019,9:36:00,59.9856,13.3956,2.0,7841.0678
7/22/2019,9:38:00,59.9856,13.3956,2.0,7841.0678
7/22/2019,9:40:00,59.9856,13.3956,2.0,7841.315061285644
7/22/2019,9:42:00,59.9856,13.3956,2.0,7841.573987182964
7/22/2019,9:44:00,59.9856,13.3956,2.0,7841.832913080282
7/22/2019,9:47:00,59.9856,13.3956,2.0,7842.091863662731
7/22/2019,9:49:00,59.9856,13.3956,2.0,7842.350821086398
7/22/2019,9:51:00,59.9856,13.3956,2.0,7842.609778510065
7/22/2019,9:53:00,59.9856,13.3956,2.0,7842.7105
7/22/2019,9:55:00,59.9856,13.3956,2.0,7842.7105
7/22/2019,9:57:00,59.9856,13.3956,2.0,7842.7105
7/22/2019,9:59:00,59.9856,13.3956,2.0,7842.7105
7/22/2019,10:01:00,59.9856,13.3956,2.0,7842.7105
7/22/2019,10:04:00,59.9856,13.3956,2.0,7842.7105
7/22/2019,10:06:00,59.9856,13.3956,2.0,7842.641319524268
7/22/2019,10:08:00,59.9856,13.3956,2.0,7842.3823621006
7/22/2019,10:10:00,59.9856,13.3956,2.0,7842.123404676934
7/22/2019,10:12:00,59.9856,13.3956,2.0,7841.864450254576
7/22/2019,10:14:00,59.9856,13.3956,2.0,7841.605524357256
7/22/2019,10:16:00,59.9856,13.3956,2.0,7841.346598459938
7/22/2019,10:19:00,59.9856,13.3956,2.0,7841.0876725626185
7/22/2019,10:19:15,59.97,5.4608,1.0,7840.4
7/22/2019,10:27:00,59.52789300978642,13.5018,2.0,7078.971772489529
7/22/2019,10:29:00,59.687816187624804,13.5194,2.0,7035.9343
7/22/2019,10:31:00,59.76155925704015,13.5194,2.0,6999.013892372208
7/22/2019,10:33:00,59.86019283146966,13.5302,2.0,6986.735397025353
7/22/2019,10:35:00,59.8604,13.533694688498402,2.0,6962.1352806348605
7/22/2019,10:37:00,59.8727,13.534493332002395,2.0,6949.855596904937
7/22/2019,10:39:00,59.8973,13.5351,2.0,6937.577077660212
7/22/2019,10:41:00,59.922,13.5352,2.0,6931.2115
7/22/2019,10:44:00,59.94598831635709,13.5352,2.0,6925.0513
7/22/2019,10:46:00,59.97059127570375,13.5351,2.0,6919.219623861824
7/22/2019,10:48:00,59.9836,13.53471333599521,2.0,6918.8912
7/22/2019,10:50:00,59.9959,13.53431465654952,2.0,6913.141668656421
7/22/2019,10:52:00,59.9959,13.5345,2.0,6907.022229053499
7/22/2019,10:54:00,59.9959,13.5351,2.0,6900.4107
7/22/2019,10:56:00,59.9959,13.5354,2.0,6894.2505
7/22/2019,10:58:00,60.0082,13.5356,2.0,6888.0903
7/22/2019,11:01:00,60.0205,13.5356,2.0,6881.9302
7/22/2019,11:03:00,60.0329,13.535422643769968,2.0,6881.9302
7/22/2019,11:05:00,60.0329,13.5352,2.0,6875.77
7/22/2019,11:07:00,60.0205,13.535574680511182,2.0,6869.6099
7/22/2019,11:09:00,60.0205,13.5363,2.0,6863.4497
7/22/2019,11:11:00,60.0205,13.5368,2.0,6857.2894
7/22/2019,11:13:00,60.0205,13.537,2.0,6851.1294
7/22/2019,11:15:00,60.0205,13.537,2.0,6851.1294
7/22/2019,11:18:00,60.0205,13.5368,2.0,6844.9691
7/22/2019,11:20:00,60.0205,13.5366,2.0,6844.9691
7/22/2019,11:22:00,60.0205,13.53696533546326,2.0,6838.809
7/22/2019,11:24:00,60.0205,13.5375,2.0,6832.6489
7/22/2019,11:26:00,60.0205,13.538,2.0,6826.4887
7/22/2019,11:28:00,60.0205,13.5382,2.0,6826.4887
7/22/2019,11:30:00,60.0205,13.538,2.0,6826.4887
7/22/2019,11:32:00,60.0205,13.5377,2.0,6821.559801956865
7/22/2019,11:35:00,60.0205,13.537936035136754,2.0,6820.3285
7/22/2019,11:37:00,60.0205,13.538555999201439,2.0,6814.1684
7/22/2019,11:39:00,60.0205,13.538954672523962,2.0,6808.0082
7/22/2019,11:41:00,60.0205,13.539,2.0,6808.0082
7/22/2019,11:43:00,60.0205,13.539,2.0,6801.8479
7/22/2019,11:45:00,60.0205,13.538649321086263,2.0,6801.8479
7/22/2019,11:47:00,60.0205,13.538749341317367,2.0,6801.8479
7/22/2019,11:49:00,60.0205,13.539348003194888,2.0,6795.6879
7/22/2019,11:52:00,60.0205,13.539746685303514,2.0,6791.129179592648
7/22/2019,11:54:00,60.0205,13.5398,2.0,6789.5276
7/22/2019,11:56:00,60.0205,13.5398,2.0,6789.5276
7/22/2019,11:58:00,60.0205,13.539457336793772,2.0,6789.5276
7/22/2019,12:00:00,60.0205,13.539541333865815,2.0,6789.5276
7/22/2019,12:02:00,60.0205,13.54014001597444,2.0,6783.3676
7/22/2019,12:04:00,60.0205,13.540638670393292,2.0,6777.2074
7/22/2019,12:06:00,60.0205,13.5407,2.0,6777.2074
7/22/2019,12:09:00,60.0205,13.5407,2.0,6777.2074
7/22/2019,12:11:00,60.0205,13.5402,2.0,6777.2074
7/22/2019,12:13:00,60.0205,13.54040001996805,2.0,6773.059597603833
7/22/2019,12:15:00,60.0205,13.5409,2.0,6771.0472
7/22/2019,12:17:00,60.0205,13.541230670926517,2.0,6764.8871
7/22/2019,12:19:00,60.0205,13.5413,2.0,6764.8871
7/22/2019,12:21:00,60.0329,13.5411,2.0,6764.8871
7/22/2019,12:23:00,60.0329,13.5409,2.0,6764.8871
7/22/2019,12:25:00,60.0205,13.541425334398083,2.0,6764.8871
7/22/2019,12:28:00,60.0205,13.541824001597444,2.0,6758.7269
7/22/2019,12:30:00,60.0205,13.5421,2.0,6758.7269
7/22/2019,12:32:00,60.0205,13.5419,2.0,6758.7269
7/22/2019,12:34:00,60.0329,13.5417,2.0,6758.7269
7/22/2019,12:36:00,60.02550159744407,13.54161866640048,2.0,6758.7269
7/22/2019,12:38:00,60.0205,13.5421,2.0,6752.5667
7/22/2019,12:40:00,60.0205,13.5425,2.0,6746.4066
7/22/2019,12:42:00,60.0205,13.5425,2.0,6746.4066
7/22/2019,12:45:00,60.0205,13.5425,2.0,6746.4066
7/22/2019,12:47:00,60.0329,13.5421,2.0,6752.5667
7/22/2019,12:49:00,60.02599680511182,13.542210662939297,2.0,6746.4066
7/22/2019,12:51:00,60.0205,13.5427,2.0,6746.4066
7/22/2019,12:53:00,60.0205,13.5429,2.0,6740.2464
7/22/2019,12:55:00,60.0205,13.5429,2.0,6740.2464
7/22/2019,12:57:00,60.0329,13.5425,2.0,6746.4066
7/22/2019,12:59:00,60.0205,13.5425,2.0,6743.1616703674035
7/22/2019,13:02:00,60.0205,13.54280267571885,2.0,6740.2464
7/22/2019,13:04:00,60.0205,13.543001337592335,2.0,6740.2464
7/22/2019,13:06:00,60.0205,13.5429,2.0,6740.2464
7/22/2019,13:08:00,60.0205,13.5425,2.0,6740.2464
7/22/2019,13:10:00,60.0205,13.542597364217253,2.0,6740.2464
7/22/2019,13:12:00,60.0205,13.542996006389776,2.0,6734.0862
7/22/2019,13:14:00,60.0205,13.5431,2.0,6734.0862
7/22/2019,13:16:00,60.0205,13.5429,2.0,6734.0862
7/22/2019,13:19:00,60.0205,13.5427,2.0,6740.2464
7/22/2019,13:21:00,60.0205,13.5431,2.0,6734.0862
7/22/2019,13:23:00,60.0205,13.5434,2.0,6734.0862
7/22/2019,13:25:00,60.0205,13.5434,2.0,6727.9261
7/22/2019,13:27:00,60.0205,13.5433,2.0,6734.0862
7/22/2019,13:29:00,60.0205,13.5431,2.0,6734.0862
7/22/2019,13:31:00,60.0205,13.5433,2.0,6727.9261
7/22/2019,13:33:00,60.0205,13.5436,2.0,6727.9261
7/22/2019,13:36:00,60.0205,13.5439,2.0,6727.9261
7/22/2019,13:38:00,60.0205,13.5439,2.0,6727.9261
7/22/2019,13:40:00,60.0205,13.5434,2.0,6727.9261
7/22/2019,13:42:00,60.0205,13.5434,2.0,6727.9261
7/22/2019,13:44:00,60.0082,13.543975998402557,2.0,6721.7659
7/22/2019,13:46:00,60.0082,13.5444,2.0,6721.7659
7/22/2019,13:48:00,60.0082,13.5444,2.0,6721.7659
7/22/2019,13:50:00,60.0205,13.544027995207669,2.0,6721.7659
7/22/2019,13:53:00,60.01611345846643,13.5439,2.0,6721.7659
7/22/2019,13:55:00,59.9959,13.5444,2.0,6721.7659
7/22/2019,13:57:00,59.9959,13.5448,2.0,6715.6057
7/22/2019,13:59:00,59.9959,13.5448,2.0,6715.6057
7/22/2019,14:01:00,59.9959,13.544734664536742,2.0,6715.6057
7/22/2019,14:03:00,59.9959,13.5444,2.0,6717.618097603833
7/22/2019,14:05:00,59.99200467252395,13.5444,2.0,6719.7940947683755
7/22/2019,14:07:00,59.9836,13.5448,2.0,6715.6057
7/22/2019,14:10:00,59.9836,13.545,2.0,6715.6057
7/22/2019,14:12:00,59.9836,13.545,2.0,6715.6057
7/22/2019,14:14:00,59.9871686701278,13.5446,2.0,6715.6057
7/22/2019,14:16:00,59.9959,13.5444,2.0,6715.6057
7/22/2019,14:18:00,59.9836,13.544854672523963,2.0,6715.6057
7/22/2019,14:20:00,59.9836,13.5452,2.0,6709.4456
7/22/2019,14:22:00,59.9836,13.545,2.0,6709.4456
7/22/2019,14:24:00,59.98675787582353,13.544749310964649,2.0,6715.6057
7/22/2019,14:26:00,59.9836,13.5446,2.0,6715.6057
7/22/2019,14:29:00,59.9713,13.545,2.0,6709.4456
7/22/2019,14:31:00,59.9713,13.5452,2.0,6709.4456
7/22/2019,14:33:00,59.9713,13.5452,2.0,6709.4456
7/22/2019,14:35:00,59.9836,13.545,2.0,6709.4456
7/22/2019,14:37:00,59.9836,13.544842683170295,2.0,6709.4456
7/22/2019,14:39:00,59.9713,13.545220666932908,2.0,6709.4456
7/22/2019,14:41:00,59.9713,13.5455,2.0,6709.4456
7/22/2019,14:43:00,59.9713,13.545461334132215,2.0,6709.4456
7/22/2019,14:46:00,59.9836,13.5452,2.0,6709.4456
7/22/2019,14:48:00,59.9836,13.5452,2.0,6709.4456
7/22/2019,14:50:00,59.9836,13.545534664536742,2.0,6703.2854
7/22/2019,14:54:29,59.98,5.49653,1.0,6706.1
7/22/2019,14:10:00,59.9774,13.5449,2.0,6714.9897
7/22/2019,14:12:00,59.9774,13.5452,2.0,6712.5257
7/22/2019,14:15:00,59.9856,13.5449,2.0,6712.5257
7/22/2019,14:17:00,60.0018237936772,13.5446,2.0,6714.9897
7/22/2019,14:19:00,59.9938,13.5446,2.0,6715.11270000001
7/22/2019,14:21:00,59.9856,13.5449,2.0,6712.5257
7/22/2019,14:23:00,59.9856,13.5452,2.0,6710.0616
7/22/2019,14:25:00,59.9856,13.5452,2.0,6712.320700000003
7/22/2019,14:27:00,60.0021,13.5449,2.0,6712.5257
7/22/2019,14:29:00,59.9856,13.5446,2.0,6714.428022795345
7/22/2019,14:32:00,59.9774,13.544968386023294,2.0,6710.348599999999
7/22/2019,14:34:00,59.9774,13.5452,2.0,6710.0616
7/22/2019,14:36:00,59.9774,13.5452,2.0,6710.0616
7/22/2019,14:38:00,59.98988419301163,13.5449,2.0,6710.0616
7/22/2019,14:40:00,59.9856,13.5449,2.0,6711.279714637393
7/22/2019,14:42:00,59.9774,13.5455,2.0,6707.5975
7/22/2019,14:44:00,59.9774,13.5457,2.0,6705.1335
7/22/2019,14:46:00,59.9774,13.545536672212979,2.0,6705.1335
7/22/2019,14:49:00,59.9856,13.5452,2.0,6707.5975
7/22/2019,14:51:00,59.9856,13.545238336106488,2.0,6707.5975
7/22/2019,14:53:00,59.9774,13.5457,2.0,6705.1335
7/22/2019,14:55:00,59.9774,13.546,2.0,6702.6694
7/22/2019,14:57:00,59.98086440452426,13.5457,2.0,6702.6694
7/22/2019,14:59:00,59.9856,13.5455,2.0,6705.1335
7/22/2019,15:01:00,59.9774,13.5455,2.0,6705.1335
7/22/2019,15:03:00,59.42071700499138,13.5455,2.0,6397.823091680536
7/22/2019,15:05:00,59.8142014309484,13.589343361064891,2.0,6386.3514200000045
7/22/2019,15:08:00,59.87395274542425,13.590411713810315,2.0,6377.343799866854
7/22/2019,15:10:00,59.8953,13.590908388814912,2.0,6370.0205
7/22/2019,15:12:00,59.9035,13.592,2.0,6359.328720000001
7/22/2019,15:14:00,59.8953,13.593567820299501,2.0,6342.942039467547
7/22/2019,15:16:00,59.9117,13.5949,2.0,6331.457250049924
7/22/2019,15:18:00,59.9199,13.5955,2.0,6324.914070691955
7/22/2019,15:20:00,59.91470712146424,13.596275149700597,2.0,6310.978936106496
7/22/2019,15:22:00,59.9199,13.5981,2.0,6299.507240000004
7/22/2019,15:25:00,59.9117,13.5992,2.0,6283.107467221301
7/22/2019,15:27:00,59.90513999999996,13.601226655574042,2.0,6264.0657
7/22/2019,15:29:00,59.9281,13.602378336106488,2.0,6260.163856819696
7/22/2019,15:31:00,59.9281,13.6024,2.0,6257.8509961064865
7/22/2019,15:33:00,59.9609,13.600628319467555,2.0,6268.9938
7/22/2019,15:35:00,59.942677171381064,13.5998,2.0,6271.4579
7/22/2019,15:37:00,59.9281,13.5998,2.0,6268.487060565727
7/22/2019,15:39:00,59.9363,13.59943830282862,2.0,6268.9938
7/22/2019,15:42:00,59.9527,13.59842775374376,2.0,6273.922
7/22/2019,15:44:00,59.945774342762085,13.5981,2.0,6273.922
7/22/2019,15:46:00,59.9281,13.5986,2.0,6268.9938
7/22/2019,15:48:00,59.9281,13.5989,2.0,6264.0657
7/22/2019,15:50:00,59.9363,13.598754941763728,2.0,6264.0657
7/22/2019,15:52:00,59.9445,13.5981,2.0,6266.5298
7/22/2019,15:54:00,59.9609,13.597261597337772,2.0,6271.4579
7/22/2019,15:56:00,59.9445,13.5975,2.0,6268.733870549088
7/22/2019,15:59:00,59.9363,13.5984,2.0,6261.6016
7/22/2019,16:01:00,59.9609,13.597271680532446,2.0,6270.020918196936
7/22/2019,16:03:00,59.9691,13.5964749500998,2.0,6274.099932778697
7/22/2019,16:05:00,59.9691,13.5955,2.0,6278.85
7/22/2019,16:07:00,59.9445,13.596,2.0,6275.441398336109
7/22/2019,16:09:00,59.9445,13.596,2.0,6273.922
7/22/2019,16:11:00,59.9445,13.596,2.0,6271.4579
7/22/2019,16:13:00,59.95288282861897,13.5958,2.0,6273.922
7/22/2019,16:16:00,59.9609,13.5952,2.0,6278.85
7/22/2019,16:18:00,59.97186758735439,13.594297737104828,2.0,6282.943473876867
7/22/2019,16:20:00,59.9691,13.5937,2.0,6286.2423
7/22/2019,16:22:00,59.9609,13.5943,2.0,6281.3142
7/22/2019,16:24:00,59.9609,13.5946,2.0,6278.85
7/22/2019,16:26:00,59.9691,13.5946,2.0,6278.85
7/22/2019,16:28:00,59.9774,13.593843294509151,2.0,6283.628196007985
7/22/2019,16:30:00,59.9856,13.592918263473054,2.0,6288.7064
7/22/2019,16:33:00,59.9774,13.5929,2.0,6288.7064
7/22/2019,16:35:00,59.9691,13.5935,2.0,6283.7782
7/22/2019,16:37:00,59.9774,13.5937,2.0,6281.3142
7/22/2019,16:39:00,60.00026605657236,13.593587787021631,2.0,6283.7782
7/22/2019,16:41:00,60.0103,13.593135008319468,2.0,6286.2423
7/22/2019,16:43:00,60.0185,13.5923,2.0,6293.6345
7/22/2019,16:45:00,60.0103,13.5923,2.0,6291.1703
7/22/2019,16:47:00,60.0021,13.5932,2.0,6286.2423
7/22/2019,16:50:00,60.0103,13.5932,2.0,6283.7782
7/22/2019,16:52:00,60.0185,13.593051647254576,2.0,6286.2423
7/22/2019,16:54:00,60.0267,13.5923,2.0,6290.691458868552
7/22/2019,16:56:00,60.0349,13.5915,2.0,6298.5626
7/22/2019,16:58:00,60.020230049916826,13.59133836938436,2.0,6296.0986
7/22/2019,17:00:00,60.0103,13.5923,2.0,6291.1703
7/22/2019,17:02:00,60.0103,13.5926,2.0,6288.7064
7/22/2019,17:04:00,60.0185,13.592471613976706,2.0,6288.7064
7/22/2019,17:07:00,60.0267,13.5917,2.0,6292.991593910146
7/22/2019,17:09:00,60.0354484858569,13.5909,2.0,6299.535119999995
7/22/2019,17:08:52,60.03,5.50815,1.0,6292.9
7/22/2019,18:23:00,59.43010121726826,13.7359,2.0,5328.208725823651
7/22/2019,18:25:00,59.78559506244118,13.734867580881374,2.0,5011.234766888529
7/22/2019,18:27:00,59.89093447251107,13.734134951068503,2.0,4997.013707620631
7/22/2019,18:29:00,59.99090139234544,13.732805459024032,2.0,4999.7947
7/22/2019,18:31:00,60.026171979348256,13.7311,2.0,5003.15747450915
7/22/2019,18:33:00,60.042812393162386,13.730438190653707,2.0,5004.381307953409
7/22/2019,18:35:00,60.0552,13.729611117028359,2.0,5007.1869
7/22/2019,18:37:00,60.062683983723566,13.728473237467545,2.0,5007.1869
7/22/2019,18:39:00,60.06541567607231,13.727940398056313,2.0,5008.052808286187
7/22/2019,18:42:00,60.0716,13.727115549490781,2.0,5010.883
7/22/2019,18:44:00,60.07908726569274,13.726275247986154,2.0,5010.883
7/22/2019,18:46:00,60.08181895804149,13.725542617494343,2.0,5010.883
7/22/2019,18:48:00,60.088,13.725,2.0,5010.883
7/22/2019,18:50:00,60.088,13.724354104254044,2.0,5010.883
7/22/2019,18:52:00,60.088,13.724044005059584,2.0,5010.883
7/22/2019,18:54:00,60.088,13.723511176940487,2.0,5010.883
7/22/2019,18:56:00,60.0954768245497,13.722856889894821,2.0,5010.883
7/22/2019,18:59:00,60.1043,13.722545406736787,2.0,5010.883
7/22/2019,19:01:00,60.10904823215476,13.721812775447706,2.0,5010.883
7/22/2019,19:03:00,60.1125,13.721379841555155,2.0,5014.122530176371
7/22/2019,19:05:00,60.1043,13.721093602290127,2.0,5014.5791
7/22/2019,19:07:00,60.09957521469942,13.7208,2.0,5014.5791
7/22/2019,19:09:00,60.0961,13.72038082684242,2.0,5014.5791
7/22/2019,19:11:00,60.1043,13.720095572864656,2.0,5014.5791
7/22/2019,19:13:00,60.1043,13.719814739364889,2.0,5014.5791
7/22/2019,19:16:00,60.1043,13.719381812129685,2.0,5014.5791
7/22/2019,19:18:00,60.1043,13.7191,2.0,5014.5791
7/22/2019,19:20:00,60.1043,13.7191,2.0,5014.5791
7/22/2019,19:22:00,60.1043,13.7187,2.0,5014.5791
7/22/2019,19:24:00,60.0961,13.718498901537847,2.0,5014.5791
7/22/2019,19:26:00,60.0961,13.718216410358831,2.0,5014.5791
7/22/2019,19:28:00,60.0961,13.718,2.0,5014.5791
7/22/2019,19:30:00,60.094164358940226,13.71790025963651,2.0,5014.5791
7/22/2019,19:33:00,60.0879,13.7178,2.0,5014.5791
7/22/2019,19:35:00,60.08043049730378,13.717583843695913,2.0,5014.5791
7/22/2019,19:37:00,60.0796,13.717250805485289,2.0,5014.5791
7/22/2019,19:39:00,60.0796,13.7172,2.0,5014.5791
7/22/2019,19:41:00,60.0796,13.71696904540008,2.0,5014.5791
7/22/2019,19:43:00,60.0796,13.7168,2.0,5014.5791
7/22/2019,19:45:00,60.0796,13.716718140061243,2.0,5014.5791
7/22/2019,19:47:00,60.0796,13.716684895486619,2.0,5014.5791
7/22/2019,19:50:00,60.0796,13.7166,2.0,5014.5791
7/22/2019,19:52:00,60.0796,13.716518507422942,2.0,5014.5791
7/22/2019,19:54:00,60.0796,13.7162,2.0,5014.5791
7/22/2019,19:56:00,60.0796,13.716152230062576,2.0,5014.5791
7/22/2019,19:58:00,60.0796,13.715919190574452,2.0,5014.5791
7/22/2019,20:00:00,60.0796,13.7159,2.0,5014.5791
7/22/2019,20:02:00,60.0777493908528,13.7159,2.0,5014.5791
7/22/2019,20:04:00,60.0714,13.7159,2.0,5014.5791
7/22/2019,20:07:00,60.0714,13.715872227399814,2.0,5014.5791
7/22/2019,20:09:00,60.0714,13.71565297250516,2.0,5014.5791
7/22/2019,20:11:00,60.0714,13.715519830914658,2.0,5014.5791
7/22/2019,20:13:00,60.0714,13.715486586340035,2.0,5014.5791
7/22/2019,20:15:00,60.0714,13.7154,2.0,5014.5791
7/22/2019,20:17:00,60.0714,13.7154,2.0,5014.5791
7/22/2019,20:19:00,60.06413294720725,13.715386852616163,2.0,5014.5791
7/22/2019,20:21:00,60.0632,13.7153,2.0,5014.5791
7/22/2019,20:24:00,60.0632,13.715140939954733,2.0,5014.5791
7/22/2019,20:26:00,60.070459715829486,13.715074450805485,2.0,5014.5791
7/22/2019,20:28:00,60.0714,13.7149,2.0,5014.5791
7/22/2019,20:30:00,60.0714,13.7149,2.0,5014.5791
7/22/2019,20:32:00,60.0714,13.7149,2.0,5014.5791
7/22/2019,20:34:00,60.0714,13.7149,2.0,5014.5791
7/22/2019,20:36:00,60.07134506863921,13.7149,2.0,5014.5791
7/22/2019,20:38:00,60.0713,13.714875517539772,2.0,5014.5791
7/22/2019,20:41:00,60.0713,13.7147,2.0,5014.5791
7/22/2019,20:43:00,60.0713,13.714621381973107,2.0,5014.5791
7/22/2019,20:45:00,60.06408801757423,13.7146,2.0,5014.5791
7/22/2019,20:47:00,60.0631,13.7146,2.0,5014.5791
7/22/2019,20:49:00,60.0631,13.7146,2.0,5014.5791
7/22/2019,20:51:00,60.0631,13.7146,2.0,5014.5791
7/22/2019,20:53:00,60.0631,13.714555059246438,2.0,5014.5791
7/22/2019,20:55:00,60.0631,13.7145,2.0,5014.5791
7/22/2019,20:58:00,60.0631,13.7144,2.0,5014.5791
7/22/2019,21:00:00,60.06138925575822,13.7144,2.0,5014.5791
7/22/2019,21:02:00,60.0549,13.7144,2.0,5014.5791
7/22/2019,21:04:00,60.0549,13.7144,2.0,5014.5791
7/22/2019,21:06:00,60.0467,13.7144,2.0,5014.5791
7/22/2019,21:08:00,60.0467,13.7144,2.0,5014.5791
7/22/2019,21:10:00,60.0467,13.714389008721124,2.0,5014.5791
7/22/2019,21:12:00,60.0467,13.7143,2.0,5014.5791
7/22/2019,21:14:00,60.04230741579018,13.7143,2.0,5014.5791
7/22/2019,21:17:00,60.0385,13.7143,2.0,5014.5791
7/22/2019,21:19:00,60.0303,13.7143,2.0,5014.5791
7/22/2019,21:21:00,60.0303,13.7143,2.0,5014.5791
7/22/2019,21:23:00,60.0303,13.7143,2.0,5014.5791
7/22/2019,21:25:00,60.0303,13.7143,2.0,5014.5791
7/22/2019,21:27:00,60.0303,13.7143,2.0,5014.5791
7/22/2019,21:29:00,60.0303,13.7141,2.0,5014.5791
7/22/2019,21:31:00,60.02208045984672,13.7141,2.0,5014.5791
7/22/2019,21:34:00,60.022,13.7141,2.0,5014.5791
7/22/2019,21:36:00,60.022,13.7141,2.0,5014.5791
7/22/2019,21:38:00,60.022,13.7141,2.0,5014.5791
7/22/2019,21:40:00,60.02632180641718,13.7141,2.0,5014.5791
7/22/2019,21:42:00,60.0302,13.7140900412728,2.0,5014.5791
7/22/2019,21:44:00,60.0302,13.714,2.0,5014.5791
7/22/2019,21:46:00,60.02589257089602,13.714,2.0,5014.5791
7/22/2019,21:48:00,60.022,13.714,2.0,5014.5791
7/22/2019,21:51:00,60.022,13.714,2.0,5014.5791
7/22/2019,21:53:00,60.022,13.714,2.0,5014.5791
7/22/2019,21:55:00,60.022,13.714,2.0,5014.5791
7/22/2019,21:57:00,60.022,13.713957236053789,2.0,5014.5791
7/22/2019,21:59:00,60.022,13.7139,2.0,5014.5791
7/22/2019,22:01:00,60.022,13.7139,2.0,5014.5791
7/22/2019,22:03:00,60.0138,13.713942581721147,2.0,5014.5791
7/22/2019,22:05:00,60.0138,13.714,2.0,5014.5791
7/22/2019,22:08:00,60.0138,13.714,2.0,5014.5791
7/22/2019,22:10:00,60.0138,13.714,2.0,5014.5791
7/22/2019,22:12:00,60.018044680141415,13.714,2.0,5014.5791
7/22/2019,22:14:00,60.022,13.7139,2.0,5014.5791
7/22/2019,22:16:00,60.022,13.713857841831981,2.0,5014.5791
7/22/2019,22:18:00,60.022,13.7138,2.0,5014.5791
7/22/2019,22:20:00,60.02191507397041,13.7139,2.0,5014.5791
7/22/2019,22:22:00,60.0219,13.7139,2.0,5014.5791
7/22/2019,22:25:00,60.0219,13.7139,2.0,5014.5791
7/22/2019,22:27:00,60.0219,13.7139,2.0,5014.5791
7/22/2019,22:29:00,60.0219,13.71385817467714,2.0,5014.5791
7/22/2019,22:31:00,60.0219,13.7138,2.0,5014.5791
7/22/2019,22:33:00,60.0219,13.7138,2.0,5014.5791
7/22/2019,22:35:00,60.0137,13.713841644986992,2.0,5014.5791
7/22/2019,22:37:00,60.0137,13.7139,2.0,5014.5791
7/22/2019,22:39:00,60.0137,13.7139,2.0,5014.5791
7/22/2019,22:42:00,60.0137,13.7139,2.0,5014.5791
7/22/2019,22:44:00,60.0137,13.7139,2.0,5014.5791
7/22/2019,22:46:00,60.0137,13.7138,2.0,5014.5791
7/22/2019,22:48:00,60.0055,13.7138,2.0,5014.5791
7/22/2019,22:50:00,60.0055,13.7138,2.0,5014.5791
7/22/2019,22:52:00,60.0055,13.7138,2.0,5014.5791
7/22/2019,22:54:00,59.9973,13.7138,2.0,5014.5791
7/22/2019,22:56:00,59.9973,13.7138,2.0,5014.5791
7/22/2019,22:59:00,59.9973,13.7138,2.0,5014.5791
7/22/2019,23:01:00,59.99591613740764,13.71371821328718,2.0,5014.5791
7/22/2019,23:03:00,59.9891,13.7136,2.0,5014.5791
7/22/2019,23:05:00,59.9891,13.7136,2.0,5014.5791
7/22/2019,23:07:00,59.9891,13.713681408845307,2.0,5014.5791
7/22/2019,23:09:00,59.9891,13.7138,2.0,5014.5791
7/22/2019,23:11:00,59.9891,13.7139,2.0,5012.300432825291
7/22/2019,23:13:00,59.990251077313054,13.7139,2.0,5010.883
7/22/2019,23:16:00,59.9971,13.7139,2.0,5010.883
7/22/2019,23:18:00,59.9971,13.7138,2.0,5013.137067507487
7/22/2019,23:20:00,60.0054,13.7138,2.0,5014.5791
7/22/2019,23:22:00,60.001272931229614,13.7138,2.0,5014.5791
7/22/2019,23:24:00,59.9971,13.7138,2.0,5014.5791
7/22/2019,23:26:00,59.998448175572015,13.7138,2.0,5014.5791
7/22/2019,23:28:00,60.0054,13.7138,2.0,5010.883
7/22/2019,23:30:00,60.0054,13.7138,2.0,5010.883
7/22/2019,23:32:00,60.0054,13.713719885493642,2.0,5010.883
7/22/2019,23:35:00,60.0054,13.7136,2.0,5014.5791
7/22/2019,23:37:00,60.0054,13.7136,2.0,5014.5791
7/22/2019,23:39:00,59.9971,13.71367974117804,2.0,5014.5791
7/22/2019,23:41:00,59.9971,13.7138,2.0,5014.5791
7/22/2019,23:43:00,60.003950503635515,13.7138,2.0,5014.5791
7/22/2019,23:45:00,60.00669965979588,13.7138,2.0,5014.5791
7/22/2019,23:47:00,60.0136,13.7138,2.0,5014.5791
7/22/2019,23:49:00,60.0136,13.7136,2.0,5014.5791
7/22/2019,23:52:00,60.0136,13.7136,2.0,5014.5791
7/22/2019,23:54:00,60.013550952825156,13.7136,2.0,5014.5791
7/22/2019,23:56:00,60.0135,13.7138,2.0,5014.5791
7/22/2019,23:58:00,60.0135,13.7138,2.0,5014.5791
7/23/2019,0:00:00,60.017512207324394,13.7138,2.0,5014.5791
7/23/2019,0:02:00,60.0217,13.7138,2.0,5014.5791
7/23/2019,0:04:00,60.0299,13.713721549830238,2.0,5014.5791
7/23/2019,0:06:00,60.0299,13.7136,2.0,5014.5791
7/23/2019,0:09:00,60.0299,13.7136,2.0,5014.5791
7/23/2019,0:11:00,60.0217,13.7136,2.0,5014.5791
7/23/2019,0:13:00,60.0217,13.7136,2.0,5014.5791
7/23/2019,0:15:00,60.0217,13.7138,2.0,5012.546921490849
7/23/2019,0:17:00,60.0217,13.7138,2.0,5010.883
7/23/2019,0:19:00,60.0217,13.7138,2.0,5010.883
7/23/2019,0:21:00,60.0217,13.7136,2.0,5010.883
7/23/2019,0:23:00,60.020468526161636,13.7136,2.0,5010.883
7/23/2019,0:26:00,60.0135,13.7136,2.0,5010.883
7/23/2019,0:28:00,60.00682470541242,13.7136,2.0,5010.883
7/23/2019,0:30:00,60.0053,13.713677078052035,2.0,5010.883
7/23/2019,0:32:00,60.0053,13.7138,2.0,5010.883
7/23/2019,0:34:00,60.0053,13.7138,2.0,5010.883
7/23/2019,0:36:00,60.0053,13.713723219278393,2.0,5010.883
7/23/2019,0:38:00,60.0053,13.7136,2.0,5010.883
7/23/2019,0:40:00,60.0053,13.7136,2.0,5010.883
7/23/2019,0:43:00,60.0052,13.7136,2.0,5010.883
7/23/2019,0:45:00,60.0052,13.7136,2.0,5010.883
7/23/2019,0:47:00,60.0052,13.7138,2.0,5010.883
7/23/2019,0:49:00,60.0052,13.7138,2.0,5010.883
7/23/2019,0:51:00,60.0052,13.7138,2.0,5010.883
7/23/2019,0:53:00,60.0052,13.7136,2.0,5010.883
7/23/2019,0:55:00,60.00403962452567,13.7136,2.0,5010.883
7/23/2019,0:57:00,59.9969,13.7136,2.0,5010.883
7/23/2019,1:00:00,59.9969,13.7136,2.0,5010.883
7/23/2019,1:02:00,59.9969,13.713675396931288,2.0,5010.883
7/23/2019,1:04:00,59.9969,13.7138,2.0,5010.883
7/23/2019,1:06:00,60.003570008671865,13.7138,2.0,5010.883
7/23/2019,1:08:00,60.00632141427619,13.713724883504195,2.0,5010.883
7/23/2019,1:10:00,60.0134,13.7136,2.0,5010.883
7/23/2019,1:12:00,60.0134,13.7135,2.0,5012.693660994277
7/23/2019,1:14:00,60.012285813194865,13.713537262357415,2.0,5014.5791
7/23/2019,1:17:00,60.0052,13.7136,2.0,5014.5791
7/23/2019,1:19:00,60.0052,13.7138,2.0,5012.793164159735
7/23/2019,1:21:00,60.00629398972717,13.7138,2.0,5010.883
7/23/2019,1:23:00,60.0134,13.7138,2.0,5010.883
7/23/2019,1:25:00,60.0134,13.7138,2.0,5010.883
7/23/2019,1:27:00,60.01338673863788,13.7138,2.0,5010.883
7/23/2019,1:29:00,60.0133,13.713659396844418,2.0,5010.883
7/23/2019,1:31:00,60.006761181013246,13.7136,2.0,5012.619620923732
7/23/2019,1:34:00,60.0051,13.7136,2.0,5014.5791
7/23/2019,1:36:00,60.00130950605778,13.7136,2.0,5010.883
7/23/2019,1:38:00,59.9969,13.7138,2.0,5010.883
7/23/2019,1:40:00,60.0051,13.7138,2.0,5010.883
7/23/2019,1:42:00,60.0051,13.7138,2.0,5010.883
7/23/2019,1:44:00,60.0051,13.7136,2.0,5010.883
7/23/2019,1:46:00,60.0051,13.7136,2.0,5010.883
7/23/2019,1:48:00,60.0051,13.7136,2.0,5010.883
7/23/2019,1:51:00,60.0051,13.7138,2.0,5010.883
7/23/2019,1:53:00,60.0051,13.713836468547797,2.0,5010.883
7/23/2019,1:55:00,60.0051,13.7139,2.0,5010.883
7/23/2019,1:57:00,60.0051,13.7139,2.0,5010.883
7/23/2019,1:59:00,60.0051,13.71386367327919,2.0,5010.883
7/23/2019,2:01:00,60.0051,13.7138,2.0,5010.883
7/23/2019,2:03:00,60.0051,13.7136,2.0,5010.883
7/23/2019,2:05:00,60.0051,13.713672056567274,2.0,5010.883
7/23/2019,2:07:00,60.0051,13.7138,2.0,5010.883
7/23/2019,2:10:00,60.0051,13.7139,2.0,5010.883
7/23/2019,2:12:00,60.006084590754455,13.7139,2.0,5010.883
7/23/2019,2:14:00,60.01325462481674,13.7139,2.0,5010.883
7/23/2019,2:16:00,60.0132,13.7138,2.0,5010.883
7/23/2019,2:18:00,60.0132,13.713728553358632,2.0,5010.883
7/23/2019,2:20:00,60.0132,13.7136,2.0,5010.883
7/23/2019,2:22:00,60.00677078950872,13.7136,2.0,5010.883
7/23/2019,2:24:00,60.005,13.713671055966914,2.0,5010.883
7/23/2019,2:27:00,60.005,13.7138,2.0,5010.883
7/23/2019,2:29:00,60.005,13.7138,2.0,5010.883
7/23/2019,2:31:00,60.005,13.7138,2.0,5010.883
7/23/2019,2:33:00,60.005,13.7138,2.0,5010.883
7/23/2019,2:35:00,60.005,13.7136,2.0,5010.883
7/23/2019,2:37:00,59.9968,13.7136,2.0,5010.883
7/23/2019,2:39:00,59.9968,13.7136,2.0,5010.883
7/23/2019,2:41:00,59.9968,13.7138,2.0,5010.883
7/23/2019,2:44:00,60.005,13.7138,2.0,5010.883
7/23/2019,2:46:00,60.008647361750384,13.7138,2.0,5010.883
7/23/2019,2:48:00,60.0132,13.7138,2.0,5010.883
7/23/2019,2:50:00,60.0214,13.713730217695227,2.0,5010.883
7/23/2019,2:52:00,60.0214,13.7136,2.0,5010.883
7/23/2019,2:54:00,60.0214,13.7136,2.0,5010.883
7/23/2019,2:56:00,60.0132,13.713669388299646,2.0,5010.883
7/23/2019,2:58:00,60.0132,13.7138,2.0,5010.883
7/23/2019,3:01:00,60.0131225176596,13.7138,2.0,5010.883
7/23/2019,3:03:00,60.0213,13.7138,2.0,5010.883
7/23/2019,3:05:00,60.0213,13.7138,2.0,5010.883
7/23/2019,3:07:00,60.0213,13.7136,2.0,5010.883
7/23/2019,3:09:00,60.0213,13.7136,2.0,5010.883
7/23/2019,3:11:00,60.01769782984956,13.7136,2.0,5010.883
7/23/2019,3:13:00,60.0131,13.7138,2.0,5010.883
7/23/2019,3:15:00,60.0131,13.7138,2.0,5010.883
7/23/2019,3:18:00,60.0131,13.7138,2.0,5010.883
7/23/2019,3:20:00,60.0131,13.7138,2.0,5010.883
7/23/2019,3:22:00,60.0131,13.71373188656637,2.0,5010.883
7/23/2019,3:24:00,60.0131,13.7136,2.0,5010.883
7/23/2019,3:26:00,60.0131,13.7136,2.0,5010.883
7/23/2019,3:28:00,60.0049,13.71366772063238,2.0,5010.883
7/23/2019,3:30:00,60.0049,13.7138,2.0,5010.883
7/23/2019,3:32:00,60.0049,13.7139,2.0,5010.883
7/23/2019,3:35:00,60.0131,13.7139,2.0,5010.883
7/23/2019,3:37:00,60.016646167700614,13.7139,2.0,5010.883
7/23/2019,3:39:00,60.0213,13.7138,2.0,5010.883
7/23/2019,3:41:00,60.0213,13.713732885101852,2.0,5010.883
7/23/2019,3:43:00,60.017766063107445,13.7136,2.0,5010.883
7/23/2019,3:45:00,60.0131,13.7138,2.0,5010.883
7/23/2019,3:47:00,60.013,13.713833460076046,2.0,5010.883
7/23/2019,3:49:00,60.013,13.7139,2.0,5010.883
7/23/2019,3:52:00,60.013,13.7139,2.0,5010.883
7/23/2019,3:54:00,60.013,13.7139,2.0,5010.883
7/23/2019,3:56:00,60.01650514308585,13.7139,2.0,5010.883
7/23/2019,3:58:00,60.0212,13.7139,2.0,5010.883
7/23/2019,4:00:00,60.0212,13.7138,2.0,5010.883
7/23/2019,4:02:00,60.01770700306218,13.7138,2.0,5010.883
7/23/2019,4:04:00,60.013,13.7138,2.0,5010.883
7/23/2019,4:06:00,60.013,13.713832959775866,2.0,5010.883
7/23/2019,4:09:00,60.013,13.7139,2.0,5010.883
7/23/2019,4:11:00,60.013,13.7139,2.0,5010.883
7/23/2019,4:13:00,60.013,13.713867174810279,2.0,5010.883
7/23/2019,4:15:00,60.013,13.7138,2.0,5010.883
7/23/2019,4:17:00,60.013,13.713601571133745,2.0,5010.883
7/23/2019,4:19:00,60.0048,13.713665039023414,2.0,5010.883
7/23/2019,4:21:00,60.0048,13.7138,2.0,5010.883
7/23/2019,4:23:00,59.99863894547633,13.7138,2.0,5010.883
7/23/2019,4:26:00,59.99728866653325,13.7138,2.0,5010.883
7/23/2019,4:28:00,60.0048,13.7138,2.0,5010.883
7/23/2019,4:30:00,60.0048,13.7138,2.0,5010.883
7/23/2019,4:32:00,60.0048,13.713735547863134,2.0,5010.883
7/23/2019,4:34:00,60.0048,13.7136,2.0,5010.883
7/23/2019,4:36:00,60.00472512328402,13.7136,2.0,5010.883
7/23/2019,4:38:00,60.0047,13.7138,2.0,5010.883
7/23/2019,4:40:00,60.0047,13.71386543259289,2.0,5010.883
7/23/2019,4:42:00,60.0047,13.7139,2.0,5010.883
7/23/2019,4:45:00,60.0047,13.7139,2.0,5010.883
7/23/2019,4:47:00,60.0047,13.713834762348556,2.0,5010.883
7/23/2019,4:49:00,60.010818684544056,13.7138,2.0,5010.883
7/23/2019,4:51:00,60.0129,13.7136,2.0,5010.883
7/23/2019,4:53:00,60.0129,13.7136,2.0,5010.883
7/23/2019,4:55:00,60.00679885501265,13.713796624641452,2.0,5010.883
7/23/2019,4:57:00,60.0047,13.713831621080722,2.0,5010.883
7/23/2019,4:59:00,60.0047,13.7139,2.0,5010.883
7/23/2019,5:02:00,60.0047,13.7139,2.0,5010.883
7/23/2019,5:04:00,60.0047,13.71386850619092,2.0,5010.883
7/23/2019,5:06:00,60.0047,13.7138,2.0,5010.883
7/23/2019,5:08:00,59.990443070163764,13.7138,2.0,5010.883
7/23/2019,5:10:00,59.987716508021045,13.713831289612383,2.0,5010.883
7/23/2019,5:12:00,59.9801,13.7139,2.0,5010.883
7/23/2019,5:14:00,59.9801,13.7139,2.0,5010.883
7/23/2019,5:16:00,59.9801,13.7139,2.0,5010.883
7/23/2019,5:19:00,59.9801,13.7139,2.0,5010.883
7/23/2019,5:21:00,59.98612514842239,13.713802350043274,2.0,5010.883
7/23/2019,5:23:00,59.9883,13.713738219825578,2.0,5010.883
7/23/2019,5:25:00,59.98825993869528,13.7136,2.0,5010.883
7/23/2019,5:27:00,59.98219234405166,13.71379495663776,2.0,5010.883
7/23/2019,5:29:00,59.97946665335197,13.71383078513775,2.0,5010.883
7/23/2019,5:31:00,59.9718,13.7139,2.0,5010.883
7/23/2019,5:33:00,59.9718,13.713997511840438,2.0,5010.08277282529
7/23/2019,5:36:00,59.972312534187175,13.71396923640237,2.0,5007.1869
7/23/2019,5:38:00,59.98,13.7139,2.0,5007.1869
7/23/2019,5:40:00,59.98,13.713802855811478,2.0,5007.1869
7/23/2019,5:42:00,59.97949343629343,13.7138,2.0,5007.1869
7/23/2019,5:44:00,59.9718,13.7138,2.0,5010.410194396008
7/23/2019,5:46:00,59.9718,13.71389707824695,2.0,5010.883
7/23/2019,5:48:00,59.9718,13.713930391568274,2.0,5010.883
7/23/2019,5:50:00,59.9718,13.714,2.0,5007.684551267888
7/23/2019,5:53:00,59.97774841894596,13.714,2.0,5007.1869
7/23/2019,5:55:00,59.98047971449536,13.713969737718013,2.0,5007.1869
7/23/2019,5:57:00,59.9882,13.7139,2.0,5007.1869
7/23/2019,5:59:00,59.9882,13.71380334864523,2.0,5007.888482509152
7/23/2019,6:01:00,59.9882,13.7138,2.0,5010.883
7/23/2019,6:03:00,59.9882,13.7138,2.0,5010.883
7/23/2019,6:05:00,59.9882,13.713896577946768,2.0,5010.20601715807
7/23/2019,6:07:00,59.9882,13.713929886591062,2.0,5007.1869
7/23/2019,6:10:00,59.99135333199919,13.714,2.0,5007.1869
7/23/2019,6:12:00,59.9963,13.713903581652353,2.0,5007.1869
7/23/2019,6:14:00,59.99584529356943,13.7139,2.0,5007.1869
7/23/2019,6:16:00,59.9881,13.7139,2.0,5007.1869
7/23/2019,6:18:00,59.98220191718813,13.7139,2.0,5007.1869
7/23/2019,6:20:00,59.97947583383264,13.7139,2.0,5007.1869
7/23/2019,6:22:00,59.9717,13.7139,2.0,5007.1869
7/23/2019,6:24:00,59.9717,13.71399617796158,2.0,5007.1869
7/23/2019,6:27:00,59.971297696711495,13.713970569830915,2.0,5007.1869
7/23/2019,6:29:00,59.9635,13.7139,2.0,5007.1869
7/23/2019,6:31:00,59.9635,13.7139,2.0,5007.1869
7/23/2019,6:33:00,59.9553,13.71387084082285,2.0,5007.1869
7/23/2019,6:35:00,59.95220221009187,13.7138,2.0,5007.1869
7/23/2019,6:37:00,59.9471,13.71389574382922,2.0,5007.1869
7/23/2019,6:39:00,59.9388,13.713929050763792,2.0,5007.1869
7/23/2019,6:41:00,59.9388,13.714,2.0,5007.1869
7/23/2019,6:44:00,59.9388,13.714,2.0,5007.1869
7/23/2019,6:46:00,59.9471,13.713971069098656,2.0,5007.1869
7/23/2019,6:48:00,59.95016809418985,13.7139,2.0,5007.1869
7/23/2019,6:50:00,59.9553,13.713804680114507,2.0,5007.1869
7/23/2019,6:52:00,59.9471,13.713828617170304,2.0,5007.1869
7/23/2019,6:54:00,59.9471,13.7139,2.0,5007.1869
7/23/2019,6:56:00,59.952886111667,13.713995343872991,2.0,5007.1869
7/23/2019,6:58:00,59.9553,13.714,2.0,5007.1869
7/23/2019,7:01:00,59.9553,13.714,2.0,5007.1869
7/23/2019,7:03:00,59.96101014608765,13.713904919451473,2.0,5007.1869
7/23/2019,7:05:00,59.9634,13.713871672991147,2.0,5007.1869
7/23/2019,7:07:00,59.9634,13.7138,2.0,5007.1869
7/23/2019,7:09:00,59.95763620023965,13.713894903608832,2.0,5007.1869
7/23/2019,7:11:00,59.9552,13.713928216930158,2.0,5007.1869
7/23/2019,7:13:00,59.95218443512416,13.714,2.0,5007.1869
7/23/2019,7:15:00,59.947,13.714,2.0,5007.1869
7/23/2019,7:17:00,59.947,13.714,2.0,5007.1869
7/23/2019,7:20:00,59.947,13.714,2.0,5007.1869
7/23/2019,7:22:00,59.947,13.713905418719213,2.0,5007.1869
7/23/2019,7:24:00,59.947,13.713872174144589,2.0,5007.1869
7/23/2019,7:26:00,59.9440201171615,13.7138,2.0,5007.1869
7/23/2019,7:28:00,59.9388,13.713894403308652,2.0,5007.1869
7/23/2019,7:30:00,59.9388,13.71392772145144,2.0,5007.1869
7/23/2019,7:32:00,59.941764165165765,13.714,2.0,5007.1869
7/23/2019,7:34:00,59.947,13.714,2.0,5007.1869
7/23/2019,7:37:00,59.9552,13.713972405299248,2.0,5007.1869
7/23/2019,7:39:00,59.9552,13.7139,2.0,5007.1869
7/23/2019,7:41:00,59.960898592488824,13.713806011984023,2.0,5007.4943958402655
7/23/2019,7:43:00,59.9634,13.7138,2.0,5010.883
7/23/2019,7:45:00,59.9634,13.713860589687146,2.0,5010.883
7/23/2019,7:47:00,59.9634,13.7139,2.0,5010.600349823626
7/23/2019,7:49:00,59.96339736105558,13.714,2.0,5007.1869
7/23/2019,7:51:00,59.9633,13.714,2.0,5007.1869
7/23/2019,7:54:00,59.9633,13.714,2.0,5007.1869
7/23/2019,7:56:00,59.9633,13.7139,2.0,5007.1869
7/23/2019,7:58:00,59.9633,13.713839761682866,2.0,5007.1869
7/23/2019,8:00:00,59.95757658611277,13.7138,2.0,5007.1869
7/23/2019,8:02:00,59.955,13.7138,2.0,5007.1869
7/23/2019,8:04:00,59.955,13.713860089386966,2.0,5007.1869
7/23/2019,8:06:00,59.96071272096591,13.7139,2.0,5007.1869
7/23/2019,8:08:00,59.96347558535121,13.714,2.0,5007.1869
7/23/2019,8:11:00,59.9715,13.713939992012248,2.0,5007.1869
7/23/2019,8:13:00,59.9715,13.7139,2.0,5007.1869
7/23/2019,8:15:00,59.9715,13.7138,2.0,5007.1869
7/23/2019,8:17:00,59.9715,13.7138,2.0,5009.8188183960065
7/23/2019,8:19:00,59.9715,13.7138,2.0,5010.883
7/23/2019,8:21:00,59.9797,13.7139,2.0,5010.883
7/23/2019,8:23:00,59.982596531020675,13.713959693128754,2.0,5008.275927267887
7/23/2019,8:25:00,59.99353640608324,13.714,2.0,5007.1869
7/23/2019,8:28:00,59.9961,13.714,2.0,5007.1869
7/23/2019,8:30:00,59.996064674130345,13.713940493942218,2.0,5007.1869
7/23/2019,8:32:00,59.996,13.7139,2.0,5007.297106509151
7/23/2019,8:34:00,60.0042,13.7139,2.0,5010.883
7/23/2019,8:36:00,60.0042,13.713959355613369,2.0,5010.883
7/23/2019,8:38:00,60.00982601387406,13.714,2.0,5010.797393158071
7/23/2019,8:40:00,60.0124,13.714,2.0,5007.1869
7/23/2019,8:42:00,60.0124,13.714,2.0,5007.1869
7/23/2019,8:45:00,60.0124,13.714,2.0,5007.1869
7/23/2019,8:47:00,60.0124,13.7139,2.0,5007.1869
7/23/2019,8:49:00,60.0124,13.7139,2.0,5007.1869
7/23/2019,8:51:00,60.00680450036615,13.7139,2.0,5007.1869
7/23/2019,8:53:00,60.0042,13.714,2.0,5007.1869
7/23/2019,8:55:00,60.0042,13.714,2.0,5007.1869
7/23/2019,8:57:00,60.0042,13.714,2.0,5007.1869
7/23/2019,8:59:00,60.0042,13.714,2.0,5007.1869
7/23/2019,9:02:00,60.0042,13.713941323304267,2.0,5007.1869
7/23/2019,9:04:00,60.0042,13.7139,2.0,5007.1869
7/23/2019,9:06:00,59.996,13.7139,2.0,5007.1869
7/23/2019,9:08:00,59.996,13.713958521779736,2.0,5007.1869
7/23/2019,9:10:00,59.996,13.714,2.0,5007.1869
7/23/2019,9:12:00,60.0042,13.714,2.0,5007.1869
7/23/2019,9:14:00,60.00697780668401,13.714,2.0,5007.1869
7/23/2019,9:16:00,60.0123,13.714,2.0,5007.1869
7/23/2019,9:19:00,60.0123,13.7139,2.0,5007.1869
7/23/2019,9:21:00,60.0123,13.7139,2.0,5007.1869
7/23/2019,9:23:00,60.0123,13.7139,2.0,5007.1869
7/23/2019,9:25:00,60.0123,13.714,2.0,5007.1869
7/23/2019,9:27:00,60.0123,13.714,2.0,5007.1869
7/23/2019,9:34:47,60.0,5.540369999999999,1.0,5005.0
7/23/2019,9:48:00,58.6855492509852,13.8192,2.0,4039.0429877184224
7/23/2019,9:50:00,59.49060594915461,13.818450773839242,2.0,4004.769299086929
7/23/2019,9:52:00,59.75191380133118,13.817401735330836,2.0,4005.3838177736084
7/23/2019,9:55:00,59.84070998872037,13.8157,2.0,4005.9984442081563
7/23/2019,9:57:00,59.8779,13.814704206715765,2.0,4006.6128882551593
7/23/2019,9:59:00,59.90642238637785,13.813555286481089,2.0,4007.2274187992493
7/23/2019,10:01:00,59.931048566420415,13.812506253900887,2.0,4007.8419376860534
7/23/2019,10:03:00,59.959840520260116,13.811314677983026,2.0,4008.49902073963
7/23/2019,10:05:00,59.976283781082095,13.810715803270504,2.0,4008.9084207297265
7/23/2019,10:07:00,59.9762,13.809517962801149,2.0,4008.908020942147
7/23/2019,10:09:00,59.9762,13.80900953688678,2.0,4008.907560577283
7/23/2019,10:12:00,59.984314369684846,13.808120833853451,2.0,4009.317010582209
7/23/2019,10:14:00,60.0008,13.807311184621145,2.0,4009.726421154567
7/23/2019,10:16:00,60.0131,13.806661847690387,2.0,4009.725921366987
7/23/2019,10:18:00,60.0131,13.806112418871693,2.0,4009.725521579408
7/23/2019,10:20:00,60.013,13.805363080379431,2.0,4009.7250217891055
7/23/2019,10:22:00,60.0253,13.804827287479716,2.0,4009.7246609945028
7/23/2019,10:24:00,60.0253,13.8044,2.0,4009.724222191678
7/23/2019,10:26:00,60.0376,13.8040145781328,2.0,4010.1336611020865
7/23/2019,10:29:00,60.0376,13.803330462997629,2.0,4010.497543614759
7/23/2019,10:31:00,60.0376,13.80311550174738,2.0,4010.542622413793
7/23/2019,10:33:00,60.0376,13.8026,2.0,4010.5422226165188
7/23/2019,10:35:00,60.0375,13.802316425361958,2.0,4010.541822803949
7/23/2019,10:37:00,60.0375,13.8018,2.0,4010.541323041359
7/23/2019,10:39:00,60.0375,13.8014,2.0,4010.9507230538547
7/23/2019,10:41:00,60.0375,13.801135413806017,2.0,4010.9503232633683
7/23/2019,10:43:00,60.0375,13.80091796280115,2.0,4010.949923463268
7/23/2019,10:46:00,60.0375,13.800636645032451,2.0,4010.949511833063
7/23/2019,10:48:00,60.0375,13.8003,2.0,4010.6949428767975
7/23/2019,10:50:00,60.0375,13.7997,2.0,4011.309498273921
7/23/2019,10:52:00,60.039176923076916,13.799539016475288,2.0,4011.7679238725796
7/23/2019,10:54:00,60.0497,13.7993,2.0,4011.3576242908907
7/23/2019,10:56:00,60.0374,13.7993,2.0,4011.3572245033115
7/23/2019,10:58:00,60.0374,13.7989,2.0,4010.946837373485
7/23/2019,11:00:00,60.0374,13.7988,2.0,4011.356324928152
7/23/2019,11:03:00,60.04526923076922,13.7984,2.0,4011.3559251405723
7/23/2019,11:05:00,60.0497,13.7983,2.0,4011.355525328002
7/23/2019,11:07:00,60.049636186430085,13.798171410736579,2.0,4011.3550255590258
7/23/2019,11:09:00,60.0373,13.79802167020347,2.0,4011.2026643035447
7/23/2019,11:11:00,60.0373,13.7978,2.0,4010.9443261434644
7/23/2019,11:13:00,60.0373,13.7976,2.0,4011.353763088842
7/23/2019,11:15:00,60.0496,13.7973,2.0,4011.7631261869064
7/23/2019,11:17:00,60.0496,13.7973,2.0,4011.7627631934033
7/23/2019,11:20:00,60.041836507738395,13.79717285322017,2.0,4011.3525134057973
7/23/2019,11:22:00,60.0373,13.79702311532701,2.0,4011.3520270114946
7/23/2019,11:24:00,60.037237123578656,13.7968,2.0,4010.9418274147197
7/23/2019,11:26:00,60.0372,13.7967,2.0,4010.941363818091
7/23/2019,11:28:00,60.0372,13.7966736861815,2.0,4011.294167713285
7/23/2019,11:30:00,60.0372,13.796523939091363,2.0,4011.3503639260275
7/23/2019,11:32:00,60.0249,13.7965,2.0,4010.9979769345982
7/23/2019,11:34:00,60.0249,13.7964,2.0,4011.3495282608696
7/23/2019,11:37:00,60.03255135067534,13.796174510048683,2.0,4011.700942439024
7/23/2019,11:39:00,60.0372,13.7961,2.0,4011.7585284768215
7/23/2019,11:41:00,60.03713796076472,13.796,2.0,4011.758028667833
7/23/2019,11:43:00,60.0371,13.796,2.0,4011.7575933524927
7/23/2019,11:45:00,60.0371,13.7959,2.0,4011.7572290890917
7/23/2019,11:47:00,60.0371,13.795750780177256,2.0,4011.7567646551724
7/23/2019,11:49:00,60.0371,13.7955,2.0,4011.756329513932
7/23/2019,11:51:00,60.0371,13.7955,2.0,4011.7559297263524
7/23/2019,11:53:00,60.0371,13.7955,2.0,4011.345630138698
7/23/2019,11:56:00,60.0371,13.7955,2.0,4011.3452303348326
7/23/2019,11:58:00,60.037,13.7953,2.0,4011.34483055972
7/23/2019,12:00:00,60.037,13.7953,2.0,4011.34436537981
7/23/2019,12:02:00,60.037,13.7953,2.0,4011.3439309845076
7/23/2019,12:04:00,60.0247,13.795226635047428,2.0,4011.3435311844078
7/23/2019,12:06:00,60.0247,13.7952,2.0,4010.997906828112
7/23/2019,12:08:00,60.0247,13.7952,2.0,4011.342665800325
7/23/2019,12:10:00,60.0247,13.7951,2.0,4011.7521158026234
7/23/2019,12:13:00,60.037,13.795027250031207,2.0,4011.7516659045477
7/23/2019,12:15:00,60.0369,13.795,2.0,4011.341416116941
7/23/2019,12:17:00,60.0246,13.795,2.0,4010.9311326336833
7/23/2019,12:19:00,60.0246,13.795,2.0,4010.930632837686
7/23/2019,12:21:00,60.0246,13.794927770843735,2.0,4011.3401328501814
7/23/2019,12:23:00,60.0246,13.7949,2.0,4010.9979034702287
7/23/2019,12:25:00,60.0246,13.7949,2.0,4010.929433474947
7/23/2019,12:27:00,60.01727158906505,13.794878132800799,2.0,4010.929016833292
7/23/2019,12:30:00,60.0123,13.7948,2.0,4010.9285
7/23/2019,12:32:00,60.012240672247906,13.7948,2.0,4011.268512420263
7/23/2019,12:34:00,60.0245,13.7946,2.0,4011.472731819887
7/23/2019,12:36:00,60.0245,13.7946,2.0,4011.746934107946
7/23/2019,12:38:00,60.0245,13.7946,2.0,4011.3367345245533
7/23/2019,12:40:00,60.0245,13.7946,2.0,4011.3362347119833
7/23/2019,12:42:00,60.0245,13.7946,2.0,4011.335834915678
7/23/2019,12:44:00,60.0245,13.7945,2.0,4011.7452349368987
7/23/2019,12:47:00,60.0245,13.7945,2.0,4011.744835149319
7/23/2019,12:49:00,60.0244,13.7945,2.0,4011.407328610661
7/23/2019,12:51:00,60.0244,13.7945,2.0,4011.4658984365224
7/23/2019,12:53:00,60.03159013009758,13.794479692960559,2.0,4011.743535782109
7/23/2019,12:55:00,60.0367,13.7944,2.0,4011.743035965022
7/23/2019,12:57:00,60.0367,13.7944,2.0,4011.742718093215
7/23/2019,12:59:00,60.0367,13.7944,2.0,4011.7422681909047
7/23/2019,13:01:00,60.0367,13.7944,2.0,4011.332018405598
7/23/2019,13:04:00,60.0366,13.7944,2.0,4011.331568511808
7/23/2019,13:06:00,60.0489,13.7943,2.0,4011.3311372360363
7/23/2019,13:08:00,60.0489,13.7943,2.0,4011.3307374234664
7/23/2019,13:10:00,60.0489,13.7943,2.0,4011.330318825734
7/23/2019,13:12:00,60.0489,13.7943,2.0,4011.329868928036
7/23/2019,13:14:00,60.0612,13.7943,2.0,4011.7393
7/23/2019,13:16:00,60.0612,13.7941,2.0,4011.7388380732223
7/23/2019,13:18:00,60.06114255372314,13.794137573483427,2.0,4011.7384382808596
7/23/2019,13:21:00,60.0611,13.7943,2.0,4011.3281386979884
7/23/2019,13:23:00,60.0611,13.7941,2.0,4011.327738905547
7/23/2019,13:25:00,60.061978461538466,13.7941,2.0,4011.327339105447
7/23/2019,13:27:00,60.0734,13.7941,2.0,4011.3269196551296
7/23/2019,13:29:00,60.0734,13.7941,2.0,4011.3264395226793
7/23/2019,13:31:00,60.0611,13.7941,2.0,4011.326039715071
7/23/2019,13:33:00,60.0611,13.794,2.0,4011.448740600375
7/23/2019,13:35:00,60.0610433837311,13.794,2.0,4011.7349399550226
7/23/2019,13:38:00,60.061,13.794,2.0,4011.7345700774613
7/23/2019,13:40:00,60.061,13.794,2.0,4011.7341403598653
7/23/2019,13:42:00,60.061,13.794,2.0,4011.32384077221
7/23/2019,13:44:00,60.061,13.794,2.0,4011.64960971979
7/23/2019,13:46:00,60.061,13.793932754961928,2.0,4011.7328
7/23/2019,13:48:00,60.061,13.7939,2.0,4011.7324411845557
7/23/2019,13:50:00,60.0487,13.794,2.0,4011.732041404298
7/23/2019,13:52:00,60.04864432087967,13.793983023342903,2.0,4011.3216627139823
7/23/2019,13:55:00,60.0486,13.7939,2.0,4011.7310418218167
7/23/2019,13:57:00,60.0486,13.7939,2.0,4011.730742034237
7/23/2019,13:59:00,60.04794131818749,13.7939,2.0,4011.7303422466575
7/23/2019,14:01:00,60.0363,13.7939,2.0,4011.320042659003
7/23/2019,14:03:00,60.0363,13.7939,2.0,4011.319642871423
7/23/2019,14:05:00,60.0363,13.7939,2.0,4011.3192215392305
7/23/2019,14:07:00,60.0363,13.7939,2.0,4011.7286430713484
7/23/2019,14:09:00,60.0363,13.7939,2.0,4011.7281432837685
7/23/2019,14:11:00,60.0362,13.7939,2.0,4011.317943696114
7/23/2019,14:14:00,60.0362,13.7939,2.0,4011.3175219542672
7/23/2019,14:16:00,60.0362,13.7938,2.0,4011.726871951524
7/23/2019,14:18:00,60.0362,13.7938,2.0,4011.7264441084594
7/23/2019,14:20:00,60.0362,13.7938,2.0,4011.6120860209685
7/23/2019,14:22:00,60.0362,13.7938,2.0,4011.3157447138215
7/23/2019,14:24:00,60.0239,13.7938,2.0,4011.3153449456454
7/23/2019,14:26:00,60.0239,13.7938,2.0,4011.724722476262
7/23/2019,14:28:00,60.0238,13.7938,2.0,4011.7243451524237
7/23/2019,14:31:00,60.0238,13.7938,2.0,4011.407339990015
7/23/2019,14:33:00,60.0238,13.7938,2.0,4011.313572888556
7/23/2019,14:35:00,60.0238,13.7938,2.0,4011.3132459827566
7/23/2019,14:37:00,60.0238,13.7938,2.0,4011.3127730975884
7/23/2019,14:39:00,60.0238,13.7938,2.0,4011.312346407597
7/23/2019,14:41:00,60.0238,13.7938,2.0,4011.3119466200174
7/23/2019,14:43:00,60.0238,13.7938,2.0,4011.3115
7/23/2019,14:45:00,60.0237,13.7938,2.0,4011.0094771982485
7/23/2019,14:48:00,60.0237,13.7938,2.0,4011.310647232288
7/23/2019,14:50:00,60.0237,13.7936,2.0,4011.720047244783
7/23/2019,14:52:00,60.0237,13.793627567229517,2.0,4011.4073995506183
7/23/2019,14:54:00,60.0237,13.7938,2.0,4010.8995480509748
7/23/2019,14:56:00,60.0237,13.7938,2.0,4010.899124140947
7/23/2019,14:58:00,60.0237,13.7938,2.0,4011.0043530015005
7/23/2019,15:00:00,60.02364786954892,13.7936,2.0,4011.308124250375
7/23/2019,15:02:00,60.0236,13.7936,2.0,4011.3076487006497
7/23/2019,15:05:00,60.0236,13.7936,2.0,4010.9979679690427
7/23/2019,15:07:00,60.0236,13.7938,2.0,4010.8969746595026
7/23/2019,15:09:00,60.0236,13.7936,2.0,4010.8965495314255
7/23/2019,15:11:00,60.0236,13.7936,2.0,4010.8960748719232
7/23/2019,15:13:00,60.0236,13.7936,2.0,4010.588504692961
7/23/2019,15:15:00,60.0236,13.7938,2.0,4010.0755752842683
7/23/2019,15:17:00,60.02354870064968,13.7938,2.0,4010.0751507809573
7/23/2019,15:19:00,60.0235,13.7938,2.0,4010.074750993377
7/23/2019,15:22:00,60.0235,13.7938,2.0,4010.0743511994006
7/23/2019,15:24:00,60.0235,13.7938,2.0,4010.07387569965
7/23/2019,15:26:00,60.0235,13.7938,2.0,4010.073425802824
7/23/2019,15:28:00,60.0235,13.7938,2.0,4010.0730518180685
7/23/2019,15:30:00,60.0235,13.7938,2.0,4010.072626015244
7/23/2019,15:32:00,60.0235,13.7938,2.0,4010.482052004997
7/23/2019,15:34:00,60.02961384615384,13.7936,2.0,4010.481626115207
7/23/2019,15:36:00,60.0357,13.7936,2.0,4010.481128664251
7/23/2019,15:39:00,60.0357,13.7936,2.0,4010.4807526552545
7/23/2019,15:41:00,60.0234,13.7938,2.0,4010.0704765213045
7/23/2019,15:43:00,60.0234,13.7936,2.0,4010.370983189493
7/23/2019,15:45:00,60.0357,13.7936,2.0,4010.8892765271703
7/23/2019,15:47:00,60.0357,13.7936,2.0,4010.88885328002
7/23/2019,15:49:00,60.0357,13.7936,2.0,4010.8884534924405
7/23/2019,15:51:00,60.0356,13.7936,2.0,4010.478153904786
7/23/2019,15:53:00,60.0356,13.7936,2.0,4010.477754097951
7/23/2019,15:56:00,60.0356,13.7936,2.0,4010.776131444653
7/23/2019,15:58:00,60.0479,13.7936,2.0,4010.886754322839
7/23/2019,16:00:00,60.0479,13.7936,2.0,4010.8862545295515
7/23/2019,16:02:00,60.0479,13.7936,2.0,4010.476054947526
7/23/2019,16:04:00,60.0479,13.7936,2.0,4010.475627577159
7/23/2019,16:06:00,60.0478,13.7936,2.0,4010.4751776833687
7/23/2019,16:08:00,60.0478,13.7936,2.0,4010.884627686157
7/23/2019,16:10:00,60.0478,13.7936,2.0,4010.8840777833316
7/23/2019,16:13:00,60.0478,13.7936,2.0,4010.588564919506
7/23/2019,16:15:00,60.0478,13.7936,2.0,4010.063656416344
7/23/2019,16:17:00,60.0478,13.7936,2.0,4010.3572693308315
7/23/2019,16:19:00,60.0478,13.7936,2.0,4010.4726566162685
7/23/2019,16:21:00,60.0478,13.7936,2.0,4010.4722284143445
7/23/2019,16:23:00,60.0477,13.7936,2.0,4010.4717570411094
7/23/2019,16:25:00,60.04178107602047,13.7936,2.0,4010.471357246377
7/23/2019,16:27:00,60.0354,13.7936,2.0,4010.4709574462768
7/23/2019,16:29:00,60.0354,13.7936,2.0,4010.47045765338
7/23/2019,16:32:00,60.0354,13.7934,2.0,4010.4700578658003
7/23/2019,16:34:00,60.02954556235177,13.7936,2.0,4010.4696580782206
7/23/2019,16:36:00,60.0231,13.7936,2.0,4010.469258290641
7/23/2019,16:38:00,60.0231,13.7936,2.0,4010.468758495752
7/23/2019,16:40:00,60.023002761464454,13.7936,2.0,4010.8781584957524
7/23/2019,16:42:00,60.023,13.7934,2.0,4010.8777587029863
7/23/2019,16:44:00,60.023,13.793516397748592,2.0,4010.7932711932103
7/23/2019,16:46:00,60.023,13.7936,2.0,4010.4670593277524
7/23/2019,16:49:00,60.023,13.7934,2.0,4010.4666595401723
7/23/2019,16:51:00,60.01725989765354,13.7934,2.0,4010.4662298762964
7/23/2019,16:53:00,60.0107,13.7934,2.0,4010.465779982507
7/23/2019,16:55:00,60.0107,13.7934,2.0,4010.4653601699147
7/23/2019,16:57:00,59.9984,13.7934,2.0,4010.383839241139
7/23/2019,16:59:00,59.986,13.7934,2.0,4010.0546607772085
7/23/2019,17:01:00,59.986,13.7934,2.0,4010.054260989629
7/23/2019,17:03:00,59.986,13.7934,2.0,4010.0538612020496
7/23/2019,17:06:00,59.986,13.7934,2.0,4010.0533807072347
7/23/2019,17:08:00,59.986,13.7934,2.0,4010.05296162689
7/23/2019,17:10:00,59.986,13.7934,2.0,4010.0525618393103
7/23/2019,17:12:00,59.986,13.7934,2.0,4010.0521310219888
7/23/2019,17:14:00,59.986,13.7934,2.0,4010.4615620392356
7/23/2019,17:16:00,59.9982,13.7934,2.0,4010.4611311258277
7/23/2019,17:18:00,59.98650801398078,13.7934,2.0,4010.050862664001
7/23/2019,17:20:00,59.9859,13.7934,2.0,4010.050431434283
7/23/2019,17:23:00,59.9859,13.7934,2.0,4010.049981544421
7/23/2019,17:25:00,59.9859,13.7934,2.0,4010.4593630763466
7/23/2019,17:27:00,59.9859,13.7934,2.0,4010.4589632887664
7/23/2019,17:29:00,59.9859,13.7936,2.0,4010.179125053052
7/23/2019,17:31:00,59.9859,13.7936,2.0,4010.0482639135325
7/23/2019,17:33:00,59.99125692307691,13.793588294022214,2.0,4010.326548492808
7/23/2019,17:35:00,59.9981,13.7934,2.0,4010.4572640974393
7/23/2019,17:37:00,59.9981,13.7934,2.0,4010.456796488817
7/23/2019,17:40:00,59.9981,13.7934,2.0,4010.456382269149
7/23/2019,17:42:00,59.9981,13.7936,2.0,4010.0461649506437
7/23/2019,17:44:00,60.00966153846153,13.7936,2.0,4010.0456825690367
7/23/2019,17:46:00,60.0104,13.7934,2.0,4010.045265375484
7/23/2019,17:48:00,60.0226,13.7934,2.0,4010.4546
7/23/2019,17:50:00,60.0226,13.793409831144466,2.0,4010.1791391412885
7/23/2019,17:52:00,60.0226,13.7936,2.0,4010.043982996002
7/23/2019,17:54:00,60.0226,13.7936,2.0,4010.043566200175
7/23/2019,17:57:00,60.0226,13.7936,2.0,4010.0431664125954
7/23/2019,17:59:00,60.0103,13.7934,2.0,4010.042733312508
7/23/2019,18:00:29,60.02,5.562180000000001,1.0,4010.0
7/23/2019,18:17:00,59.390829671210675,13.9304,2.0,2516.701646824744
7/23/2019,18:19:00,59.5604631212979,13.929748347628658,2.0,2494.227252869137
7/23/2019,18:21:00,59.74788230852903,13.927848959384459,2.0,2494.223743806818
7/23/2019,18:23:00,59.84445461655857,13.926646682643794,2.0,2494.220334654966
7/23/2019,18:25:00,59.91977738435183,13.92429687184662,2.0,2494.2168634343434
7/23/2019,18:27:00,59.94479942372237,13.923072806962224,2.0,2494.2134163636365
7/23/2019,18:30:00,59.97917001013172,13.92159479061554,2.0,2494.2099927272725
7/23/2019,18:32:00,60.00518935847146,13.920743138244198,2.0,2494.2064981818185
7/23/2019,18:34:00,60.02474451184834,13.918592911200808,2.0,2494.203089090909
7/23/2019,18:36:00,60.02797803336704,13.917941258829465,2.0,2494.1995866666666
7/23/2019,18:38:00,60.0378,13.91714480322906,2.0,2500.7535484848486
7/23/2019,18:40:00,60.04675817480883,13.91633795408678,2.0,2500.750059090909
7/23/2019,18:42:00,60.0501,13.914986907990162,2.0,2500.74665
7/23/2019,18:44:00,60.0624,13.914235258876205,2.0,2500.7431424242427
7/23/2019,18:47:00,60.06877153058645,13.913483602421795,2.0,2500.7397316477272
7/23/2019,18:49:00,60.07462188762626,13.912531950050454,2.0,2500.7362715404042
7/23/2019,18:51:00,60.0746,13.912080095862764,2.0,2500.732813465909
7/23/2019,18:53:00,60.0746,13.91126422174571,2.0,2500.7294042105927
7/23/2019,18:55:00,60.0746,13.910876367076632,2.0,2500.725965479798
7/23/2019,18:57:00,60.0746,13.910112355723747,2.0,2500.722486193182
7/23/2019,18:59:00,60.0746,13.909472868314833,2.0,2500.719077102273
7/23/2019,19:01:00,60.0746,13.909020799697275,2.0,2500.7155594040028
7/23/2019,19:04:00,60.0746,13.908603115539858,2.0,2500.712093668329
7/23/2019,19:06:00,60.0746,13.907817090244055,2.0,2500.7086887121213
7/23/2019,19:08:00,60.0746,13.907265224520685,2.0,2500.705153358586
7/23/2019,19:10:00,60.0746,13.906769752774974,2.0,2500.7018180050504
7/23/2019,19:12:00,60.0746,13.9064,2.0,2500.698282580971
7/23/2019,19:14:00,60.0746,13.906009043324715,2.0,2500.694879469697
7/23/2019,19:16:00,60.0746,13.9056,2.0,2500.691411767677
7/23/2019,19:18:00,60.0746,13.905504503027245,2.0,2500.6879951136366
7/23/2019,19:21:00,60.07452793560606,13.905152425102491,2.0,2500.684541060606
7/23/2019,19:23:00,60.0745,13.904700378405652,2.0,2500.681076931818
7/23/2019,19:25:00,60.0745,13.9043,2.0,2500.677667840909
7/23/2019,19:27:00,60.0682514820888,13.90424791876892,2.0,2500.6740825
7/23/2019,19:29:00,60.0622,13.903843771680858,2.0,2500.6707496590907
7/23/2019,19:31:00,60.0622,13.9034,2.0,2500.667188017677
7/23/2019,19:33:00,60.0622,13.903339240665993,2.0,2500.6638314772727
7/23/2019,19:35:00,60.0622,13.90294359233098,2.0,2500.6603647853535
7/23/2019,19:38:00,60.0622,13.9029,2.0,2500.6568683585856
7/23/2019,19:40:00,60.06117681004036,13.902382643794148,2.0,2500.6535042045452
7/23/2019,19:42:00,60.0499,13.9022,2.0,2500.649995100701
7/23/2019,19:44:00,60.0499,13.902138950554995,2.0,2500.646585852273
7/23/2019,19:46:00,60.0499,13.901812922552976,2.0,2500.643116641414
7/23/2019,19:48:00,60.0499,13.9017733728557,2.0,2500.6396676704544
7/23/2019,19:50:00,60.0499,13.9016,2.0,2500.636245911989
7/23/2019,19:52:00,60.0499,13.901468630171545,2.0,2500.6327493845088
7/23/2019,19:55:00,60.03858750630676,13.901016561553986,2.0,2500.6293403977274
7/23/2019,19:57:00,60.0376,13.900964089303734,2.0,2500.6258398737373
7/23/2019,19:59:00,60.03755550855483,13.9008,2.0,2500.622422215909
7/23/2019,20:01:00,60.04621198179979,13.900589033234533,2.0,2500.618969166667
7/23/2019,20:03:00,60.0498,13.9005,2.0,2500.615504034091
7/23/2019,20:05:00,60.0498,13.9005,2.0,2500.612094943182
7/23/2019,20:07:00,60.0498,13.900402137857098,2.0,2500.6085858522724
7/23/2019,20:09:00,60.0498,13.9003,2.0,2500.6051766778205
7/23/2019,20:12:00,60.0498,13.9001,2.0,2500.6016922222225
7/23/2019,20:14:00,60.053300960566226,13.90004492936428,2.0,2500.598258409091
7/23/2019,20:16:00,60.0621,13.8999,2.0,2500.5948214660016
7/23/2019,20:18:00,60.0621,13.899740186680122,2.0,2500.59134014898
7/23/2019,20:20:00,60.0621,13.899687714429868,2.0,2500.5879311363637
7/23/2019,20:22:00,60.0621,13.8995,2.0,2500.5844220454546
7/23/2019,20:24:00,60.0621,13.899441485872856,2.0,2500.5810129545457
7/23/2019,20:26:00,60.0621,13.8994,2.0,2500.5775446429698
7/23/2019,20:28:00,60.062,13.8992,2.0,2500.574094747806
7/23/2019,20:31:00,60.05725174697275,13.899125761493346,2.0,2500.570674040404
7/23/2019,20:33:00,60.04173761745601,13.899,2.0,2500.567176590909
7/23/2019,20:35:00,60.0374,13.898821025414643,2.0,2500.5637675000003
7/23/2019,20:37:00,60.0251,13.8988,2.0,2500.560267819938
7/23/2019,20:39:00,60.0251,13.8988,2.0,2500.556849147727
7/23/2019,20:41:00,60.0251,13.898663597376387,2.0,2500.553397020014
7/23/2019,20:43:00,60.0251,13.8986,2.0,2500.5499309134525
7/23/2019,20:45:00,60.0251,13.8984,2.0,2500.546521875
7/23/2019,20:48:00,60.0251,13.8984,2.0,2500.543012784091
7/23/2019,20:50:00,60.01592076816347,13.8984,2.0,2500.5396036931816
7/23/2019,20:52:00,60.0128,13.8984,2.0,2500.536120196982
7/23/2019,20:54:00,60.0128,13.898348767106011,2.0,2500.532685511364
7/23/2019,20:56:00,60.0128,13.8982,2.0,2500.5292496212123
7/23/2019,20:58:00,60.0128,13.8982,2.0,2500.5257673295455
7/23/2019,21:00:00,60.0005,13.898195673834898,2.0,2500.5223582386366
7/23/2019,21:02:00,59.99655850782038,13.8981,2.0,2500.518849147727
7/23/2019,21:05:00,59.9882,13.8981,2.0,2500.515408207071
7/23/2019,21:07:00,59.99860416456017,13.8981,2.0,2500.5119308668477
7/23/2019,21:09:00,60.000489134415055,13.8979,2.0,2500.5085217045453
7/23/2019,21:11:00,60.0004,13.8979,2.0,2500.505012613636
7/23/2019,21:13:00,60.0004,13.8979,2.0,2500.5016035227272
7/23/2019,21:15:00,60.0004,13.89772425427256,2.0,2500.4981312626264
7/23/2019,21:17:00,60.0004,13.8977,2.0,2500.494685340909
7/23/2019,21:19:00,60.0004,13.8977,2.0,2500.4912605555555
7/23/2019,21:22:00,60.0004,13.8977,2.0,2500.4877671590907
7/23/2019,21:24:00,60.0004,13.8977,2.0,2500.484358068182
7/23/2019,21:26:00,60.0004,13.8975,2.0,2500.4809489772724
7/23/2019,21:28:00,60.0004,13.8975,2.0,2500.4774398863638
7/23/2019,21:30:00,60.0004,13.8975,2.0,2500.4740307954544
7/23/2019,21:32:00,60.0004,13.8975,2.0,2500.4705484343435
7/23/2019,21:34:00,60.0004,13.897451791120082,2.0,2500.4671124439674
7/23/2019,21:36:00,60.0004,13.8973,2.0,2500.463677550505
7/23/2019,21:39:00,60.0004,13.8973,2.0,2500.4601421969696
7/23/2019,21:41:00,59.9881,13.8973,2.0,2500.4567633688994
7/23/2019,21:43:00,59.98806902777778,13.8973,2.0,2500.4532714898987
7/23/2019,21:45:00,59.988,13.8973,2.0,2500.449797840909
7/23/2019,21:47:00,59.988,13.8973,2.0,2500.4464007828283
7/23/2019,21:49:00,59.988,13.8971,2.0,2500.442948806818
7/23/2019,21:51:00,59.988,13.8971,2.0,2500.439530075758
7/23/2019,21:53:00,59.99566932945712,13.8971,2.0,2500.436030625
7/23/2019,21:56:00,60.0003,13.8971,2.0,2500.4326215340907
7/23/2019,21:58:00,60.0003,13.8971,2.0,2500.4291240151515
7/23/2019,22:00:00,60.0003,13.8971,2.0,2500.42570332723
7/23/2019,22:02:00,60.0003,13.897034725025227,2.0,2500.422212171717
7/23/2019,22:04:00,60.0003,13.897,2.0,2500.4187522222223
7/23/2019,22:06:00,60.0003,13.897,2.0,2500.4153757497315
7/23/2019,22:08:00,60.0003,13.897,2.0,2500.4117865656567
7/23/2019,22:10:00,60.0003,13.897,2.0,2500.408457727273
7/23/2019,22:13:00,60.0003,13.897,2.0,2500.4049763636363
7/23/2019,22:15:00,59.988,13.897,2.0,2500.4015395454544
7/23/2019,22:17:00,59.98794881944445,13.897,2.0,2500.3981055236413
7/23/2019,22:19:00,59.9879,13.896849457618568,2.0,2500.3946213636364
7/23/2019,22:21:00,60.0002,13.8968,2.0,2500.3912122727274
7/23/2019,22:23:00,60.0002,13.8968,2.0,2500.3877031818183
7/23/2019,22:25:00,60.0002,13.8968,2.0,2500.3842940400277
7/23/2019,22:27:00,60.0002,13.8968,2.0,2500.3808288113123
7/23/2019,22:30:00,60.0002,13.8968,2.0,2500.377375909091
7/23/2019,22:32:00,60.0002,13.8968,2.0,2500.3739580050506
7/23/2019,22:34:00,60.0002,13.8968,2.0,2500.370457556818
7/23/2019,22:36:00,60.0002,13.8968,2.0,2500.367048465909
7/23/2019,22:38:00,60.0125,13.896765205600405,2.0,2500.363551944444
7/23/2019,22:40:00,60.0125,13.8965,2.0,2500.3601302840907
7/23/2019,22:42:00,60.0125,13.8965,2.0,2500.356681237374
7/23/2019,22:44:00,60.001096689159354,13.8965,2.0,2500.3532121022727
7/23/2019,22:47:00,60.000181029040405,13.8965,2.0,2500.3498030113637
7/23/2019,22:49:00,60.0001,13.8965,2.0,2500.346293920454
7/23/2019,22:51:00,60.0001,13.8965,2.0,2500.3428848295453
7/23/2019,22:53:00,60.0001,13.8965,2.0,2500.339404469697
7/23/2019,22:55:00,60.0001,13.8965,2.0,2500.335966647727
7/23/2019,22:57:00,59.99392129793138,13.8965,2.0,2500.3325337205633
7/23/2019,22:59:00,59.9878,13.8965,2.0,2500.3290482954544
7/23/2019,23:01:00,59.9878,13.8965,2.0,2500.3256392045455
7/23/2019,23:03:00,59.9878,13.8965,2.0,2500.322130109224
7/23/2019,23:06:00,59.9878,13.8965,2.0,2500.318720901458
7/23/2019,23:08:00,59.9878,13.8965,2.0,2500.3152568181818
7/23/2019,23:10:00,59.9878,13.8963,2.0,2500.311802840909
7/23/2019,23:12:00,59.9878,13.8963,2.0,2500.308386111111
7/23/2019,23:14:00,59.98039253910191,13.8963,2.0,2500.304884659091
7/23/2019,23:16:00,59.9755,13.8963,2.0,2500.301475568182
7/23/2019,23:18:00,59.9755,13.8963,2.0,2500.297980050505
7/23/2019,23:20:00,59.98029857801934,13.8963,2.0,2500.2945573863635
7/23/2019,23:23:00,59.987734659090904,13.8963,2.0,2500.2911093434345
7/23/2019,23:25:00,59.9877,13.8963,2.0,2500.287639093377
7/23/2019,23:27:00,59.98550467961655,13.8963,2.0,2500.284229943182
7/23/2019,23:29:00,59.9754,13.8963,2.0,2500.2807208220215
7/23/2019,23:31:00,59.9754,13.8963,2.0,2500.27731166593
7/23/2019,23:33:00,59.9754,13.8963,2.0,2500.27383239899
7/23/2019,23:35:00,59.9754,13.8963,2.0,2500.2703935795457
7/23/2019,23:37:00,59.9754,13.8963,2.0,2500.2669616919193
7/23/2019,23:40:00,59.9754,13.896154074167509,2.0,2500.2634753977272
7/23/2019,23:42:00,59.9754,13.8961,2.0,2500.2600663068183
7/23/2019,23:44:00,59.9754,13.8963,2.0,2500.256557215909
7/23/2019,23:46:00,59.9754,13.8963,2.0,2500.2531202777777
7/23/2019,23:48:00,59.9754,13.8963,2.0,2500.2496390340907
7/23/2019,23:50:00,59.9754,13.8961,2.0,2500.2462298061746
7/23/2019,23:52:00,59.9754,13.8961,2.0,2500.242720852273
7/23/2019,23:54:00,59.9754,13.8961,2.0,2500.2393116491985
7/23/2019,23:57:00,59.97522909274576,13.8961,2.0,2500.2359024304023
7/23/2019,23:59:00,59.9752,13.8961,2.0,2500.232407979798
7/24/2019,0:01:00,59.9752,13.8961,2.0,2500.2289843181816
7/24/2019,0:03:00,59.9752,13.8961,2.0,2500.2255372727273
7/24/2019,0:05:00,59.9752,13.8961,2.0,2500.222066026896
7/24/2019,0:07:00,59.9752,13.8961,2.0,2500.2186570292283
7/24/2019,0:09:00,59.9752,13.8961,2.0,2500.2151479545455
7/24/2019,0:11:00,59.9752,13.8961,2.0,2500.2116958585857
7/24/2019,0:14:00,59.9752,13.8961,2.0,2500.208229772727
7/24/2019,0:16:00,59.9752,13.8961,2.0,2500.204724982638
7/24/2019,0:18:00,59.9752,13.8961,2.0,2500.201311590909
7/24/2019,0:20:00,59.9752,13.8961,2.0,2500.1979025
7/24/2019,0:22:00,59.9752,13.8961,2.0,2500.19441895953
7/24/2019,0:24:00,59.9752,13.8961,2.0,2500.1909841477272
7/24/2019,0:26:00,59.9752,13.8961,2.0,2500.1875482070704
7/24/2019,0:28:00,59.9752,13.8961,2.0,2500.184065965909
7/24/2019,0:31:00,59.9752,13.8961,2.0,2500.180656875
7/24/2019,0:33:00,59.9752,13.8961,2.0,2500.1771477840907
7/24/2019,0:35:00,59.9752,13.8961,2.0,2500.173738693182
7/24/2019,0:37:00,59.9752,13.8961,2.0,2500.170271439394
7/24/2019,0:39:00,59.9752,13.8961,2.0,2500.1667360858587
7/24/2019,0:41:00,59.9752,13.8961,2.0,2500.163400732323
7/24/2019,0:43:00,59.9752,13.8961,2.0,2500.1599023295453
7/24/2019,0:45:00,59.9752,13.8961,2.0,2500.1564932386364
7/24/2019,0:48:00,59.9752,13.8961,2.0,2500.1529946717174
7/24/2019,0:50:00,59.9752,13.8961,2.0,2500.149575029989
7/24/2019,0:52:00,59.9836085887632,13.8961,2.0,2500.146123787879
7/24/2019,0:54:00,59.9875,13.8961,2.0,2500.1426565881684
7/24/2019,0:56:00,59.9875,13.896081615792129,2.0,2500.139247604318
7/24/2019,0:58:00,59.9875,13.896,2.0,2500.1357385227275
7/24/2019,1:00:00,59.98742655934343,13.896,2.0,2500.132329431818
7/24/2019,1:02:00,59.97504926841574,13.896,2.0,2500.128773699495
7/24/2019,1:05:00,59.975,13.896,2.0,2500.1254108333333
7/24/2019,1:07:00,59.975,13.896,2.0,2500.121976313131
7/24/2019,1:09:00,59.975,13.896,2.0,2500.118493068182
7/24/2019,1:11:00,59.975,13.896,2.0,2500.1150839772727
7/24/2019,1:13:00,59.975,13.896,2.0,2500.1115748784646
7/24/2019,1:15:00,59.975,13.896,2.0,2500.108165677672
7/24/2019,1:17:00,59.975,13.896,2.0,2500.1046995454544
7/24/2019,1:19:00,59.975,13.896,2.0,2500.1012473292085
7/24/2019,1:21:00,59.975,13.896,2.0,2500.0978286616164
7/24/2019,1:24:00,59.975,13.896,2.0,2500.094329261364
7/24/2019,1:26:00,59.975,13.896,2.0,2500.0909201704544
7/24/2019,1:28:00,59.975,13.896,2.0,2500.08742260101
7/24/2019,1:30:00,59.975,13.896,2.0,2500.0840019886364
7/24/2019,1:32:00,59.975,13.896,2.0,2500.0805518939396
7/24/2019,1:34:00,59.963598662966696,13.896,2.0,2500.0770838068183
7/24/2019,1:36:00,59.96278029040404,13.896,2.0,2500.073674715909
7/24/2019,1:38:00,59.9627,13.896,2.0,2500.070165591262
7/24/2019,1:41:00,59.9627,13.896,2.0,2500.066756442144
7/24/2019,1:43:00,59.9627,13.896,2.0,2500.063275126263
7/24/2019,1:45:00,59.9627,13.896,2.0,2500.059838352273
7/24/2019,1:47:00,59.9627,13.896,2.0,2500.056404375276
7/24/2019,1:49:00,59.953202894985814,13.896,2.0,2500.0529199999996
7/24/2019,1:51:00,59.9504,13.896,2.0,2500.0495109090907
7/24/2019,1:53:00,59.9504,13.896,2.0,2500.046001818182
7/24/2019,1:55:00,59.95729198002907,13.896,2.0,2500.0425927272727
7/24/2019,1:58:00,59.9627,13.896,2.0,2500.039127474747
7/24/2019,2:00:00,59.9627,13.896,2.0,2500.035674545454
7/24/2019,2:02:00,59.9627,13.896,2.0,2500.0322567676767
7/24/2019,2:04:00,59.9627,13.896,2.0,2500.0287563636366
7/24/2019,2:06:00,59.9627,13.896,2.0,2500.0253472727272
7/24/2019,2:08:00,59.96435396233569,13.896,2.0,2500.0218507070704
7/24/2019,2:10:00,59.9748,13.896,2.0,2500.0184290909087
7/24/2019,2:12:00,59.9748,13.896,2.0,2500.01498
7/24/2019,2:15:00,59.9748,13.896,2.0,2500.011510796136
7/24/2019,2:17:00,59.9748,13.896,2.0,2500.0081016477275
7/24/2019,2:19:00,59.9748,13.896,2.0,2500.004592556818
7/24/2019,2:21:00,59.9748,13.896,2.0,2500.001183465909
7/24/2019,2:23:00,59.9748,13.896,2.0,2499.9977030555556
7/24/2019,2:25:00,59.9748,13.896,2.0,2499.994265284091
7/24/2019,2:27:00,59.9748,13.896,2.0,2499.9908323063323
7/24/2019,2:29:00,59.9748,13.896,2.0,2499.987347017234
7/24/2019,2:32:00,59.9748,13.896,2.0,2499.983861641414
7/24/2019,2:34:00,59.9748,13.896,2.0,2499.980428920455
7/24/2019,2:36:00,59.9748,13.896,2.0,2499.9769909343436
7/24/2019,2:38:00,59.9748,13.896,2.0,2499.9735107386364
7/24/2019,2:40:00,59.9748,13.896,2.0,2499.970101647727
7/24/2019,2:42:00,59.97894864762387,13.896,2.0,2499.9665925306226
7/24/2019,2:44:00,59.987,13.896,2.0,2499.96318318288
7/24/2019,2:46:00,59.987,13.896,2.0,2499.9597139898992
7/24/2019,2:49:00,59.987,13.896,2.0,2499.956265113636
7/24/2019,2:51:00,59.987,13.896,2.0,2499.9528560227272
7/24/2019,2:53:00,59.97903106710394,13.896,2.0,2499.9494078603448
7/24/2019,2:55:00,59.9748,13.896,2.0,2499.9458725143613
7/24/2019,2:57:00,59.9748,13.896,2.0,2499.942520277778
7/24/2019,2:59:00,59.980182216885744,13.896,2.0,2499.939001868687
7/24/2019,3:01:00,59.987,13.896,2.0,2499.9355546212123
7/24/2019,3:03:00,59.987,13.896,2.0,2499.932131037313
7/24/2019,3:06:00,59.987,13.896,2.0,2499.9285958020328
7/24/2019,3:08:00,59.987,13.896,2.0,2499.9252604545454
7/24/2019,3:10:00,59.987,13.896,2.0,2499.92172510101
7/24/2019,3:12:00,59.987,13.896,2.0,2499.9183403560833
7/24/2019,3:14:00,59.987,13.896,2.0,2499.914855852273
7/24/2019,3:16:00,59.993628892821036,13.896,2.0,2499.911446761364
7/24/2019,3:18:00,59.9992,13.896,2.0,2499.9079293497475
7/24/2019,3:20:00,59.9992,13.896,2.0,2499.904509002525
7/24/2019,3:23:00,59.9951574419778,13.896,2.0,2499.901106117424
7/24/2019,3:25:00,59.987,13.896,2.0,2499.8975433459595
7/24/2019,3:27:00,59.987,13.896,2.0,2499.894201306818
7/24/2019,3:29:00,59.987,13.896,2.0,2499.8906211124436
7/24/2019,3:31:00,59.987,13.896,2.0,2499.887283125
7/24/2019,3:33:00,59.99486295898376,13.896,2.0,2499.883798036616
7/24/2019,3:35:00,59.9992,13.896,2.0,2499.8803292045454
7/24/2019,3:37:00,59.9992,13.896,2.0,2499.8769558522727
7/24/2019,3:39:00,59.9992,13.896,2.0,2499.873446590909
7/24/2019,3:42:00,59.9992,13.896,2.0,2499.8700375
7/24/2019,3:44:00,59.98752397830475,13.896,2.0,2499.866559090909
7/24/2019,3:46:00,59.9868,13.896,2.0,2499.863119318182
7/24/2019,3:48:00,59.9868,13.896,2.0,2499.859688383838
7/24/2019,3:50:00,59.99604593023256,13.896,2.0,2499.856201136364
7/24/2019,3:52:00,59.9992,13.896,2.0,2499.8527920454544
7/24/2019,3:54:00,59.9992,13.896,2.0,2499.8492829545453
7/24/2019,3:56:00,59.9992,13.896,2.0,2499.8458738636364
7/24/2019,3:59:00,59.9992,13.896,2.0,2499.8424116161614
7/24/2019,4:01:00,59.9868,13.896,2.0,2499.8389556818183
7/24/2019,4:03:00,59.9868,13.896,2.0,2499.835540909091
7/24/2019,4:05:00,59.9868,13.896,2.0,2499.8320375
7/24/2019,4:07:00,59.9868,13.896,2.0,2499.8286282106324
7/24/2019,4:09:00,59.9868,13.896,2.0,2499.8251346442776
7/24/2019,4:11:00,59.9868,13.896,2.0,2499.821710056818
7/24/2019,4:13:00,59.9868,13.896,2.0,2499.8182639646466
7/24/2019,4:16:00,59.9868,13.896,2.0,2499.814791875
7/24/2019,4:18:00,59.97458419191919,13.896,2.0,2499.8113827840907
7/24/2019,4:20:00,59.9745,13.896,2.0,2499.807873693182
7/24/2019,4:22:00,59.9745,13.896,2.0,2499.8044646022727
7/24/2019,4:24:00,59.9745,13.896,2.0,2499.80098719697
7/24/2019,4:26:00,59.9745,13.896,2.0,2499.7975464204546
7/24/2019,4:28:00,59.9745,13.896,2.0,2499.7941163499777
7/24/2019,4:30:00,59.9745,13.896,2.0,2499.7906282386366
7/24/2019,4:33:00,59.9745,13.896,2.0,2499.7872191477272
7/24/2019,4:35:00,59.9745,13.896,2.0,2499.783710429293
7/24/2019,4:37:00,59.96808898278363,13.896,2.0,2499.7803007954544
7/24/2019,4:39:00,59.9622,13.896,2.0,2499.7768395454545
7/24/2019,4:41:00,59.9622,13.896,2.0,2499.7733826136364
7/24/2019,4:43:00,59.9622,13.896,2.0,2499.769968838384
7/24/2019,4:45:00,59.9622,13.896,2.0,2499.7664644318183
7/24/2019,4:47:00,59.9622,13.896,2.0,2499.763055340909
7/24/2019,4:50:00,59.9622,13.896,2.0,2499.759562777778
7/24/2019,4:52:00,59.9622,13.896,2.0,2499.7561371424968
7/24/2019,4:54:00,59.9621378219697,13.896,2.0,2499.7526919575785
7/24/2019,4:56:00,59.9621,13.896,2.0,2499.749218977273
7/24/2019,4:58:00,59.9621,13.896,2.0,2499.7458098863635
7/24/2019,5:00:00,59.96714436018957,13.896,2.0,2499.7423007954544
7/24/2019,5:02:00,59.9744,13.896,2.0,2499.7388505840013
7/24/2019,5:04:00,59.9744,13.896,2.0,2499.735382443182
7/24/2019,5:07:00,59.9744,13.896,2.0,2499.7319733522727
7/24/2019,5:09:00,59.9744,13.896,2.0,2499.7284642613636
7/24/2019,5:11:00,59.9744,13.896,2.0,2499.725055170454
7/24/2019,5:13:00,59.9744,13.896,2.0,2499.721573712121
7/24/2019,5:15:00,59.9744,13.896,2.0,2499.7181369886366
7/24/2019,5:17:00,59.9744,13.896,2.0,2499.7147278977272
7/24/2019,5:19:00,59.9744,13.896,2.0,2499.7112676515153
7/24/2019,5:21:00,59.9744,13.896,2.0,2499.7078097159088
7/24/2019,5:24:00,59.97437003787879,13.896,2.0,2499.7043969444444
7/24/2019,5:26:00,59.9743,13.896,2.0,2499.700861590909
7/24/2019,5:28:00,59.9743,13.896,2.0,2499.69743864899
7/24/2019,5:30:00,59.9743,13.896,2.0,2499.693990883838
7/24/2019,5:32:00,59.9743,13.896,2.0,2499.690472828283
7/24/2019,5:34:00,59.9743,13.896,2.0,2499.68712
7/24/2019,5:36:00,59.9743,13.896,2.0,2499.6835846464646
7/24/2019,5:38:00,59.9743,13.896,2.0,2499.6802243434345
7/24/2019,5:41:00,59.9743,13.896,2.0,2499.6767139150197
7/24/2019,5:43:00,59.9743,13.896,2.0,2499.673258588473
7/24/2019,5:45:00,59.9743,13.896,2.0,2499.6698432323233
7/24/2019,5:47:00,59.9743,13.896,2.0,2499.6664004545455
7/24/2019,5:49:00,59.9743,13.896,2.0,2499.6629536868686
7/24/2019,5:51:00,59.98308893452983,13.896,2.0,2499.6594273737373
7/24/2019,5:53:00,59.9866,13.896,2.0,2499.656073181818
7/24/2019,5:55:00,59.98657598005177,13.896,2.0,2499.652468838384
7/24/2019,5:58:00,59.9865,13.896,2.0,2499.649155
7/24/2019,6:00:00,59.9865,13.896,2.0,2499.645645514237
7/24/2019,6:02:00,59.9865,13.896,2.0,2499.6422130681817
7/24/2019,6:04:00,59.9865,13.896,2.0,2499.6388221906564
7/24/2019,6:06:00,59.9865,13.896,2.0,2499.635247411616
7/24/2019,6:08:00,59.9865,13.896,2.0,2499.6319093750003
7/24/2019,6:10:00,59.9865,13.8958,2.0,2499.6284188131312
7/24/2019,6:12:00,59.9865,13.8958,2.0,2499.624991193182
7/24/2019,6:14:00,59.97908090312815,13.8958,2.0,2499.621548106061
7/24/2019,6:17:00,59.9742,13.89596803387474,2.0,2499.6180729086436
7/24/2019,6:19:00,59.9742,13.896,2.0,2499.6146638974815
7/24/2019,6:21:00,59.9742,13.896,2.0,2499.6111548295453
7/24/2019,6:23:00,59.9742,13.896,2.0,2499.6077457386364
7/24/2019,6:25:00,59.9742,13.896,2.0,2499.604271338384
7/24/2019,6:27:00,59.9742,13.896,2.0,2499.60082740072
7/24/2019,6:29:00,59.974155877525256,13.896,2.0,2499.5974004545456
7/24/2019,6:31:00,59.9654519139812,13.896,2.0,2499.5939091293644
7/24/2019,6:34:00,59.9618,13.896,2.0,2499.5905000631274
7/24/2019,6:36:00,59.9618,13.896,2.0,2499.586994393939
7/24/2019,6:38:00,59.9618,13.896,2.0,2499.583581931818
7/24/2019,6:40:00,59.9618,13.896,2.0,2499.580123686869
7/24/2019,6:42:00,59.9495,13.896,2.0,2499.5766636214407
7/24/2019,6:44:00,59.9495,13.896,2.0,2499.573252979798
7/24/2019,6:46:00,59.9495,13.896,2.0,2499.5697455681816
7/24/2019,6:48:00,59.9495,13.896,2.0,2499.5663364772727
7/24/2019,6:51:00,59.9495,13.896,2.0,2499.562846919192
7/24/2019,6:53:00,59.9495,13.896,2.0,2499.5594181364813
7/24/2019,6:55:00,59.9495,13.896,2.0,2499.5559761537975
7/24/2019,6:57:00,59.9495,13.896,2.0,2499.552499943182
7/24/2019,6:59:00,59.9495,13.896,2.0,2499.5490908522725
7/24/2019,7:01:00,59.95416176452001,13.896,2.0,2499.545581761364
7/24/2019,7:03:00,59.9618,13.89587648839556,2.0,2499.5421726704544
7/24/2019,7:05:00,59.961709507575755,13.8958,2.0,2499.5386992676767
7/24/2019,7:08:00,59.9617,13.896,2.0,2499.5352544886364
7/24/2019,7:10:00,59.9617,13.896,2.0,2499.531828560606
7/24/2019,7:12:00,59.97023009352881,13.896,2.0,2499.5283363068183
7/24/2019,7:14:00,59.974,13.896,2.0,2499.524927215909
7/24/2019,7:16:00,59.974,13.896,2.0,2499.5214225
7/24/2019,7:18:00,59.974,13.896,2.0,2499.518009034091
7/24/2019,7:20:00,59.974,13.895856294147325,2.0,2499.514551792929
7/24/2019,7:22:00,59.974,13.8958,2.0,2499.511090852273
7/24/2019,7:25:00,59.974,13.896,2.0,2499.507680909091
7/24/2019,7:27:00,59.974,13.896,2.0,2499.5041725
7/24/2019,7:29:00,59.983787606648555,13.896,2.0,2499.5007634090907
7/24/2019,7:31:00,59.9863,13.896,2.0,2499.497274707999
7/24/2019,7:33:00,59.98626788510101,13.896,2.0,2499.4938452272727
7/24/2019,7:35:00,59.9862,13.896,2.0,2499.4904041414143
7/24/2019,7:37:00,59.9862,13.895836112512614,2.0,2499.4869270454546
7/24/2019,7:39:00,59.9862,13.8958,2.0,2499.4834334343436
7/24/2019,7:42:00,59.99077625608292,13.8958,2.0,2499.4800088636366
7/24/2019,7:44:00,59.9985,13.895921557226822,2.0,2499.4765627272727
7/24/2019,7:46:00,59.9985,13.896,2.0,2499.473090681818
7/24/2019,7:48:00,60.00047745197169,13.896,2.0,2499.469681590909
7/24/2019,7:50:00,60.0108,13.895920862764884,2.0,2499.466256638677
7/24/2019,7:52:00,60.0108,13.8958,2.0,2499.4627632386364
7/24/2019,7:54:00,60.0108,13.8958,2.0,2499.4593541477275
7/24/2019,7:56:00,59.9985,13.8958,2.0,2499.4558502620116
7/24/2019,7:59:00,59.9985,13.8958,2.0,2499.452435965909
7/24/2019,8:01:00,59.9985,13.89594178463094,2.0,2499.4489797222222
7/24/2019,8:03:00,59.9985,13.896,2.0,2499.445444368687
7/24/2019,8:05:00,59.99847383838384,13.896,2.0,2499.4421083712123
7/24/2019,8:07:00,59.9984,13.895900674780854,2.0,2499.4385735307114
7/24/2019,8:09:00,59.9984,13.8958,2.0,2499.435142714646
7/24/2019,8:11:00,59.99779108910891,13.8958,2.0,2499.4317029545455
7/24/2019,8:13:00,59.9861,13.895856862992922,2.0,2499.428272329545
7/24/2019,8:16:00,59.97904982026864,13.896,2.0,2499.424832192689
7/24/2019,8:18:00,59.9738,13.896,2.0,2499.421354074869
7/24/2019,8:20:00,59.9738,13.896,2.0,2499.4179449144517
7/24/2019,8:22:00,59.9738,13.896,2.0,2499.414435641689
7/24/2019,8:24:00,59.9738,13.896,2.0,2499.4110267045453
7/24/2019,8:26:00,59.9738,13.896,2.0,2499.407492992424
7/24/2019,8:28:00,59.9738,13.896,2.0,2499.4040970959595
7/24/2019,8:30:00,59.9738,13.896,2.0,2499.400669760101
7/24/2019,8:32:00,59.9738,13.896,2.0,2499.397131439394
7/24/2019,8:35:00,59.9738,13.896,2.0,2499.39378125
7/24/2019,8:37:00,59.9738,13.896,2.0,2499.3902785353534
7/24/2019,8:39:00,59.9738,13.896,2.0,2499.386863068182
7/24/2019,8:41:00,59.97372756944444,13.896,2.0,2499.383407828283
7/24/2019,8:43:00,59.9737,13.896,2.0,2499.3799448863633
7/24/2019,8:45:00,59.9737,13.896,2.0,2499.3765357954544
7/24/2019,8:47:00,59.9737,13.896,2.0,2499.373026662037
7/24/2019,8:49:00,59.9737,13.896,2.0,2499.369617443182
7/24/2019,8:52:00,59.9737,13.896,2.0,2499.366130883838
7/24/2019,8:54:00,59.9737,13.896,2.0,2499.3626992550035
7/24/2019,8:56:00,59.9737,13.896,2.0,2499.359260053027
7/24/2019,8:58:00,59.9737,13.896,2.0,2499.3557810795455
7/24/2019,9:00:00,59.972618561967835,13.896,2.0,2499.3523719886366
7/24/2019,9:02:00,59.9614,13.896,2.0,2499.348862897727
7/24/2019,9:04:00,59.9614,13.896,2.0,2499.345453806818
7/24/2019,9:06:00,59.9614,13.896,2.0,2499.341983409091
7/24/2019,9:09:00,59.9614,13.896,2.0,2499.338535625
7/24/2019,9:11:00,59.9614,13.896,2.0,2499.3351127020205
7/24/2019,9:13:00,59.9614,13.896,2.0,2499.3316174431816
7/24/2019,9:15:00,59.9614,13.896,2.0,2499.3282082391565
7/24/2019,9:17:00,59.9613,13.896,2.0,2499.3247064646466
7/24/2019,9:19:00,59.95571781029263,13.896,2.0,2499.321289967801
7/24/2019,9:21:00,59.9489,13.896,2.0,2499.3178356606277
7/24/2019,9:23:00,59.9489,13.896,2.0,2494.6361882946535
7/24/2019,9:26:00,59.9489,13.896,2.0,2492.753467878788
7/24/2019,9:28:00,59.9489,13.896,2.0,2492.7501325252524
7/24/2019,9:30:00,59.9489,13.896,2.0,2492.746597171717
7/24/2019,9:32:00,59.94858994135082,13.896,2.0,2492.7432145454545
7/24/2019,9:34:00,59.9367,13.896,2.0,2492.739726464646
7/24/2019,9:36:00,59.92989086896204,13.896,2.0,2492.736248888889
7/24/2019,9:38:00,59.9243,13.896,2.0,2492.7328557575756
7/24/2019,9:40:00,59.9243,13.896,2.0,2492.72932040404
7/24/2019,9:43:00,59.9243,13.896,2.0,2492.725985036934
7/24/2019,9:45:00,59.9243,13.896,2.0,2492.722483523767
7/24/2019,9:47:00,59.9243,13.896,2.0,2492.7190745454545
7/24/2019,9:49:00,59.9243,13.896,2.0,2492.7154925252526
7/24/2019,9:51:00,59.9243,13.896,2.0,2492.7121561931817
7/24/2019,9:53:00,59.9243,13.896,2.0,2492.7086691098484
7/24/2019,9:55:00,59.9243,13.896,2.0,2492.7052032702018
7/24/2019,9:57:00,59.9243,13.896,2.0,2492.7018289204543
7/24/2019,10:00:00,59.9243,13.896,2.0,2492.698237613636
7/24/2019,10:02:00,59.9243,13.896,2.0,2492.6949107386363
7/24/2019,10:04:00,59.9243,13.896,2.0,2492.6913610290408
7/24/2019,10:06:00,59.9243,13.896,2.0,2492.6879891287876
7/24/2019,10:08:00,59.9243,13.896,2.0,2492.684560590946
7/24/2019,10:10:00,59.9243,13.896,2.0,2492.6810742882394
7/24/2019,10:12:00,59.9243,13.896,2.0,2492.677665284091
7/24/2019,10:14:00,59.92767128593997,13.896,2.0,2492.6741561931817
7/24/2019,10:17:00,59.9365,13.896,2.0,2492.670747102273
7/24/2019,10:19:00,59.9365,13.896,2.0,2492.667283767915
7/24/2019,10:21:00,59.9365,13.896,2.0,2492.66382875
7/24/2019,10:23:00,59.9365,13.896,2.0,2492.6604129679904
7/24/2019,10:25:00,59.9365,13.896,2.0,2492.6569104538853
7/24/2019,10:27:00,59.9365,13.896,2.0,2492.6535014772726
7/24/2019,10:29:00,59.9365,13.896,2.0,2492.650006919192
7/24/2019,10:31:00,59.941116924729826,13.896,2.0,2492.6465832954545
7/24/2019,10:34:00,59.9487,13.896,2.0,2495.136969388274
7/24/2019,10:36:00,59.9487,13.896,2.0,2499.1970623863635
7/24/2019,10:38:00,59.9507726744186,13.896,2.0,2499.1935626767677
7/24/2019,10:40:00,59.9611,13.896,2.0,2500.2982782707645
7/24/2019,10:43:07,59.96,5.591469999999999,1.0,2491.0
7/24/2019,11:03:00,59.4629168747482,14.0101,2.0,1026.7837811863499
7/24/2019,11:05:00,59.69149128329299,14.009600579073483,2.0,1000.5905396441423
7/24/2019,11:07:00,59.7881036538847,14.008601557819054,2.0,1006.7688175129948
7/24/2019,11:09:00,59.85491473831962,14.007502536448971,2.0,1006.7585221911235
7/24/2019,11:12:00,59.889941504902936,14.00650353505093,2.0,1006.7482263494602
7/24/2019,11:14:00,59.9156,14.005508827641302,2.0,1006.7378547580968
7/24/2019,11:16:00,59.932,14.004605273671594,2.0,1006.7275351859256
7/24/2019,11:18:00,59.96367554532719,14.004005971639703,2.0,1006.7172147540983
7/24/2019,11:20:00,59.98006617970782,14.002906950269622,2.0,1006.7069187524991
7/24/2019,11:22:00,60.0057,14.0021,2.0,1006.6966232506998
7/24/2019,11:24:00,60.0221,14.001208627920912,2.0,1006.6863523390643
7/24/2019,11:26:00,60.0303,14.0004,2.0,1006.676031247501
7/24/2019,11:29:00,60.0303,13.99951028560016,2.0,1006.6656611755297
7/24/2019,11:31:00,60.0303,13.99882192929898,2.0,1006.6553653338665
7/24/2019,11:33:00,60.045564198519095,13.998211643698822,2.0,1006.6450694922031
7/24/2019,11:35:00,60.0548,13.997524640575081,2.0,1006.6347741703319
7/24/2019,11:37:00,60.063,13.9969,2.0,1006.6244522391044
7/24/2019,11:39:00,60.063,13.996227361693629,2.0,1006.6140821035792
7/24/2019,11:41:00,60.063,13.9958,2.0,1006.603787165134
7/24/2019,11:43:00,60.0548,13.995229466959474,2.0,1006.5934913234706
7/24/2019,11:46:00,60.063,13.994630830670927,2.0,1006.5831954818073
7/24/2019,11:48:00,60.06291373725255,13.9943,2.0,1006.572900159936
7/24/2019,11:50:00,60.0711,13.993732913920512,2.0,1006.5625767293083
7/24/2019,11:52:00,60.0711,13.9933,2.0,1006.5521361183289
7/24/2019,11:54:00,60.0711,13.992817508484729,2.0,1006.5419131547382
7/24/2019,11:56:00,60.0629,13.99253574995007,2.0,1006.5316173130748
7/24/2019,11:58:00,60.0629,13.9922,2.0,1006.5213218468919
7/24/2019,12:00:00,60.0629,13.9919,2.0,1006.5109978604279
7/24/2019,12:03:00,60.07101481407437,13.991419292989814,2.0,1006.5006303078769
7/24/2019,12:05:00,60.071,13.991039344917116,2.0,1006.4903346130774
7/24/2019,12:07:00,60.0628,13.9908,2.0,1006.4800391443422
7/24/2019,12:09:00,60.0628,13.9906,2.0,1006.4696718912435
7/24/2019,12:11:00,60.0628,13.990220890752946,2.0,1006.4593767493003
7/24/2019,12:13:00,60.0628,13.989942531948882,2.0,1006.4491232107157
7/24/2019,12:15:00,60.0628,13.989721629718394,2.0,1006.4387272091163
7/24/2019,12:17:00,60.0628,13.989344009584665,2.0,1012.616958225065
7/24/2019,12:19:00,60.0627,13.989144737367686,2.0,1012.6066625349861
7/24/2019,12:22:00,60.0627,13.9889,2.0,1012.5963368526295
7/24/2019,12:24:00,60.0627,13.98862310764929,2.0,1012.5860417033186
7/24/2019,12:26:00,60.0627,13.9883469436676,2.0,1012.5757457017194
7/24/2019,12:28:00,60.0627,13.988123846614739,2.0,1012.5653796881247
7/24/2019,12:30:00,60.0627,13.988024126223287,2.0,1012.5550843662535
7/24/2019,12:32:00,60.0627,13.98772450569203,2.0,1012.5447881623675
7/24/2019,12:34:00,60.062617393042785,13.9876,2.0,1012.5344926829268
7/24/2019,12:36:00,60.0708,13.987250289594568,2.0,1012.5241973610556
7/24/2019,12:39:00,60.0708,13.9872,2.0,1012.5138706917234
7/24/2019,12:41:00,60.0708,13.987,2.0,1012.503505677729
7/24/2019,12:43:00,60.0626,13.9868,2.0,1012.4932099980003
7/24/2019,12:45:00,60.0626,13.986652646295187,2.0,1012.4829145141942
7/24/2019,12:47:00,60.0708,13.986526582784101,2.0,1012.472618672531
7/24/2019,12:49:00,60.07071848890666,13.98642686239265,2.0,1012.4622916833267
7/24/2019,12:51:00,60.0707,13.9862,2.0,1012.4519275089964
7/24/2019,12:53:00,60.0707,13.9861,2.0,1012.441631667333
7/24/2019,12:56:00,60.0707,13.986,2.0,1012.4312685125949
7/24/2019,12:58:00,60.0707,13.9859,2.0,1012.4210405037985
7/24/2019,13:00:00,60.0707,13.9857,2.0,1012.4107446621351
7/24/2019,13:02:00,60.0707,13.9856,2.0,1012.4004166733306
7/24/2019,13:04:00,60.0707,13.9855,2.0,1012.3900534986005
7/24/2019,13:06:00,60.0706,13.9853,2.0,1012.3797576569373
7/24/2019,13:08:00,60.0706,13.9851,2.0,1012.369462335066
7/24/2019,13:10:00,60.0706,13.9851,2.0,1012.3591664934027
7/24/2019,13:13:00,60.0624,13.984959636508888,2.0,1012.3487709974015
7/24/2019,13:15:00,60.0313195925704,13.984830077890953,2.0,1012.3384753298681
7/24/2019,13:17:00,60.023142520471346,13.9848,2.0,1012.3281794882047
7/24/2019,13:19:00,60.0214,13.9847,2.0,1012.317849990006
7/24/2019,13:21:00,60.0214,13.984561581469649,2.0,1012.3075883246702
7/24/2019,13:23:00,60.02132177129148,13.9845,2.0,1012.2972578284342
7/24/2019,13:25:00,60.0213,13.9844,2.0,1012.2868971611355
7/24/2019,13:27:00,60.0213,13.984331495905732,2.0,1012.2766013194722
7/24/2019,13:30:00,60.0213,13.9843,2.0,1012.2663054778089
7/24/2019,13:32:00,60.0213,13.9841,2.0,1012.2560101559376
7/24/2019,13:34:00,60.0213,13.984032194927101,2.0,1012.2457139772046
7/24/2019,13:36:00,60.0213,13.984,2.0,1012.2353831467414
7/24/2019,13:38:00,60.0295,13.983932634311964,2.0,1012.2250231507397
7/24/2019,13:40:00,60.0294,13.9839,2.0,1012.2147273090764
7/24/2019,13:42:00,60.0212,13.9837,2.0,1012.204431467413
7/24/2019,13:44:00,60.0212,13.983633333333334,2.0,1012.1941358128374
7/24/2019,13:46:00,60.0212,13.9836,2.0,1012.1838041383446
7/24/2019,13:49:00,60.0212,13.983533772718195,2.0,1012.173380787685
7/24/2019,13:51:00,60.0294,13.9835,2.0,1012.1631491403439
7/24/2019,13:53:00,60.0294,13.983434212103056,2.0,1012.1528532986805
7/24/2019,13:55:00,60.0293,13.9834,2.0,1012.1425574570172
7/24/2019,13:57:00,60.0293,13.983269302975835,2.0,1012.132262135146
7/24/2019,13:59:00,60.0293,13.9832,2.0,1012.1219291283487
7/24/2019,14:01:00,60.0293,13.9832,2.0,1012.1115704518193
7/24/2019,14:03:00,60.0293,13.983,2.0,1012.101275129948
7/24/2019,14:06:00,60.0293,13.983,2.0,1012.0909792882846
7/24/2019,14:08:00,60.0293,13.983,2.0,1012.0806216070358
7/24/2019,14:10:00,60.0292,13.983,2.0,1012.070350119952
7/24/2019,14:12:00,60.0292,13.982872244408945,2.0,1012.0599922830868
7/24/2019,14:14:00,60.0292,13.9828,2.0,1012.0496967619429
7/24/2019,14:16:00,60.0292,13.9828,2.0,1012.0394011195522
7/24/2019,14:18:00,60.0292,13.9827,2.0,1012.0291052778889
7/24/2019,14:20:00,60.0292,13.9827,2.0,1012.0187709174495
7/24/2019,14:23:00,60.0292,13.982637160543131,2.0,1012.0084751099561
7/24/2019,14:25:00,60.02912650939624,13.9826,2.0,1011.9981179564087
7/24/2019,14:27:00,60.0291,13.9826,2.0,1011.9877836065574
7/24/2019,14:29:00,60.0291,13.9826,2.0,1011.977487604958
7/24/2019,14:31:00,60.02312073097663,13.9824,2.0,1011.9671916033586
7/24/2019,14:33:00,60.0209,13.9824,2.0,1011.9568961015594
7/24/2019,14:35:00,60.0209,13.98233835397523,2.0,1011.9465397920416
7/24/2019,14:37:00,60.0209,13.9823,2.0,1011.9362442622951
7/24/2019,14:40:00,60.0209,13.9823,2.0,1011.9259489404238
7/24/2019,14:42:00,60.0208,13.982238965448373,2.0,1011.9156530987605
7/24/2019,14:44:00,60.0208,13.9822,2.0,1011.9053165933626
7/24/2019,14:46:00,60.0208,13.9822,2.0,1011.8949616276744
7/24/2019,14:48:00,60.0208,13.9822,2.0,1011.8846660935626
7/24/2019,14:50:00,60.0208,13.98207947284345,2.0,1011.8743702518992
7/24/2019,14:52:00,60.0208,13.982,2.0,1011.864074930028
7/24/2019,14:54:00,60.0208,13.982,2.0,1011.8537790883647
7/24/2019,14:57:00,60.02072909418116,13.982,2.0,1011.8434415833667
7/24/2019,14:59:00,60.0207,13.9819,2.0,1011.8330297680927
7/24/2019,15:01:00,60.0207,13.9819,2.0,1011.8227340863655
7/24/2019,15:03:00,60.0207,13.9819,2.0,1011.8124962415034
7/24/2019,15:05:00,60.0207,13.9819,2.0,1011.8022009196321
7/24/2019,15:07:00,60.0207,13.9819,2.0,1011.7918625749701
7/24/2019,15:09:00,60.0207,13.9818,2.0,1011.7815095342794
7/24/2019,15:11:00,60.0207,13.9818,2.0,1011.7712139144342
7/24/2019,15:13:00,60.01490241661674,13.9818,2.0,1011.7609180727709
7/24/2019,15:16:00,60.0124,13.9818,2.0,1011.7506225264841
7/24/2019,15:18:00,60.0124,13.9816,2.0,1011.7402269092363
7/24/2019,15:20:00,60.0124,13.9816,2.0,1011.7299310675729
7/24/2019,15:22:00,59.9903821485623,13.9816,2.0,1011.7195920631747
7/24/2019,15:24:00,59.97401102676789,13.9816,2.0,1011.7092960615754
7/24/2019,15:26:00,59.96583454472845,13.9816,2.0,1011.6990437712458
7/24/2019,15:28:00,59.9632,13.981543139604554,2.0,1011.6887487405038
7/24/2019,15:30:00,59.955,13.9815,2.0,1015.1262326595843
7/24/2019,15:32:54,59.95,5.61661,1.0,1008.2
7/24/2019,15:55:00,59.7927,14.0168,2.0,502.8202559616487
7/24/2019,15:57:00,59.864867427884604,14.016500808867585,2.0,500.22367703148427
7/24/2019,15:59:00,59.89023932752927,14.0163,2.0,500.2181792441512
7/24/2019,16:01:00,59.9156,14.016,2.0,500.2127816191904
7/24/2019,16:03:00,59.9238,14.015802786099462,2.0,500.20738377811097
7/24/2019,16:05:00,59.9237,14.0156,2.0,502.3740851274363
7/24/2019,16:08:00,59.9237,14.0154,2.0,502.36858728635684
7/24/2019,16:10:00,59.9319,14.0152,2.0,502.3631897151424
7/24/2019,16:12:00,59.9483,14.015,2.0,502.35779187406297
7/24/2019,16:14:00,59.9483,14.0148,2.0,502.35229409118176
7/24/2019,16:16:00,59.94,14.0146,2.0,502.3468964617691
7/24/2019,16:18:00,59.94,14.0144,2.0,502.34149862068966
7/24/2019,16:20:00,59.94,14.0143,2.0,502.3359231553689
7/24/2019,16:22:00,59.94,14.0141,2.0,502.3306032083958
7/24/2019,16:24:00,59.94811154769046,14.0139,2.0,502.32520536731636
7/24/2019,16:27:00,59.9645,14.0138,2.0,502.31970779610197
7/24/2019,16:29:00,59.9645,14.0136,2.0,502.3143099550225
7/24/2019,16:31:00,59.9563,14.0135,2.0,502.308912113943
7/24/2019,16:33:00,59.9481,14.0133,2.0,502.30341454272866
7/24/2019,16:35:00,59.948,14.0132,2.0,502.29801670164915
7/24/2019,16:37:00,59.9644,14.013,2.0,502.2926187218722
7/24/2019,16:39:00,59.9644,14.0129,2.0,502.2871212893553
7/24/2019,16:41:00,59.9726,14.0128,2.0,502.28164805038995
7/24/2019,16:44:00,59.9644,14.0127,2.0,502.276325674865
7/24/2019,16:46:00,59.9561,14.0125,2.0,502.27085337331334
7/24/2019,16:48:00,59.9643,14.0124,2.0,502.26543019490254
7/24/2019,16:50:00,59.9725,14.0123,2.0,502.26003242351527
7/24/2019,16:52:00,59.9807,14.0122,2.0,502.2545606478704
7/24/2019,16:54:00,59.980614637072584,14.012,2.0,502.24913694152923
7/24/2019,16:56:00,59.9724,14.0119,2.0,502.24373917216553
7/24/2019,16:58:00,59.9724,14.0119,2.0,502.2382415292354
7/24/2019,17:01:00,59.9806,14.0117,2.0,502.2328436881559
7/24/2019,17:03:00,60.00267692307693,14.0116,2.0,502.2274459208158
7/24/2019,17:05:00,60.0133,14.0115,2.0,502.22204827586205
7/24/2019,17:07:00,60.0133,14.0114,2.0,502.2165504347826
7/24/2019,17:09:00,60.00641917315759,14.0113,2.0,502.2111525937031
7/24/2019,17:11:00,60.0051,14.0112,2.0,502.20575502248874
7/24/2019,17:13:00,60.0133,14.0111,2.0,502.20025718140926
7/24/2019,17:15:00,60.0214,14.011,2.0,502.19478824235154
7/24/2019,17:18:00,60.0214,14.0109,2.0,502.18946176911544
7/24/2019,17:20:00,60.0214,14.0108,2.0,502.18396392803595
7/24/2019,17:22:00,60.0214,14.0107,2.0,502.17856616676664
7/24/2019,17:24:00,60.0213,14.0106,2.0,502.17316851574213
7/24/2019,17:26:00,60.0295,14.0106,2.0,502.16767067466265
7/24/2019,17:28:00,60.036227889522685,14.0105,2.0,502.16227310344823
7/24/2019,17:30:00,60.0377,14.0104,2.0,502.1568752623688
7/24/2019,17:32:00,60.0295,14.0103,2.0,502.15137742128934
7/24/2019,17:34:00,60.0294,14.0103,2.0,502.1459798500749
7/24/2019,17:37:00,60.0294,14.0102,2.0,502.1405820089955
7/24/2019,17:39:00,60.0294,14.0101,2.0,502.1350840684068
7/24/2019,17:41:00,60.0294,14.01,2.0,502.1296865967016
7/24/2019,17:43:00,60.0212,14.01,2.0,502.12428857228554
7/24/2019,17:45:00,60.0211,14.0099,2.0,502.11879100179965
7/24/2019,17:47:00,60.0211,14.0098,2.0,502.1133933433283
7/24/2019,17:49:00,60.027613719603735,14.0098,2.0,502.1079955022489
7/24/2019,17:51:00,60.0293,14.0097,2.0,504.2746968515742
7/24/2019,17:54:00,60.0293,14.0096,2.0,504.26919910017995
7/24/2019,17:56:00,60.021,14.0096,2.0,504.26380143928037
7/24/2019,17:58:00,60.021,14.0095,2.0,504.2584035982009
7/24/2019,18:00:00,60.02741278895228,14.0094,2.0,504.25290567056703
7/24/2019,18:02:00,60.0292,14.0093,2.0,504.24750818590707
7/24/2019,18:04:00,60.0292,14.0093,2.0,504.2421101679664
7/24/2019,18:06:00,60.0291,14.0093,2.0,504.23661259748053
7/24/2019,18:08:00,60.0291,14.0092,2.0,504.23121493253376
7/24/2019,18:11:00,60.0291,14.0092,2.0,504.2258170914543
7/24/2019,18:13:00,60.0291,14.0091,2.0,504.2203193461308
7/24/2019,18:15:00,60.0209,14.009,2.0,504.2149215056989
7/24/2019,18:17:00,60.0208,14.009,2.0,504.2095237410072
7/24/2019,18:19:00,60.006394727381675,14.0089,2.0,504.20402609478106
7/24/2019,18:21:00,59.988,14.0088,2.0,504.19862842578715
7/24/2019,18:23:00,59.988,14.0088,2.0,504.19323058470763
7/24/2019,18:25:00,60.0044,14.0088,2.0,504.1877698260348
7/24/2019,18:28:00,60.0043,14.0087,2.0,504.1823351724138
7/24/2019,18:30:00,59.9961,14.0087,2.0,504.17693733133433
7/24/2019,18:32:00,59.9961,14.0087,2.0,504.1714772113943
7/24/2019,18:34:00,59.9961,14.0086,2.0,504.1660419190405
7/24/2019,18:36:00,60.0043,14.0086,2.0,504.16058230884556
7/24/2019,18:38:00,60.01022448979591,14.0085,2.0,504.15518500749624
7/24/2019,18:40:00,60.006400419287196,14.0085,2.0,504.1497486656672
7/24/2019,18:42:00,60.0042,14.0084,2.0,504.1443508245877
7/24/2019,18:45:00,60.0042,14.0084,2.0,504.1389532533733
7/24/2019,18:47:00,60.01007012909039,14.0084,2.0,504.13345541229387
7/24/2019,18:49:00,60.0123,14.0083,2.0,504.1280576784643
7/24/2019,18:51:43,60.01,5.62459,1.0,502.6
